89 TIRPs, 143s

       ‖ N_tib
================
N_tib  ‖ <       

Vertical_support: 1.0
Indices_supporting: [26, 26, 35, 9, 5, 18, 12, 28, 33, 7, 16, 12, 30, 30, 8, 4, 9, 14, 19, 28, 7, 29, 31, 1, 8, 0, 33, 5, 18, 14, 23, 23, 6, 2, 2, 30, 22, 35, 31, 3, 1, 12, 14, 17, 32, 32, 9, 9, 20, 3, 10, 12, 8, 17, 28, 3, 18, 12, 25, 27, 27, 4, 6, 6, 22, 31, 33, 3, 23, 25, 30, 34, 11, 8, 16, 26, 22, 22, 1, 10, 6, 17, 26, 28, 35, 33, 7, 20, 25, 3, 34, 34, 12, 30, 8, 17, 17, 26, 22, 31, 5, 12, 21, 28, 2, 12, 12, 25, 21, 17, 26, 7, 5, 18, 14, 31, 27, 10, 15, 28, 24, 7, 3, 30, 4, 0, 34, 11, 22, 22, 18, 31, 31, 27, 5, 14, 14, 23, 32, 15, 28, 6, 12, 8, 8, 17, 17, 26, 26, 0, 31, 5, 18, 1, 18, 10, 23, 19, 28, 2, 15, 24, 20, 7, 3, 3, 12, 17, 30, 26, 22, 10, 6, 15, 2, 33, 7, 16, 21, 34, 13, 26, 22, 22, 35, 31, 1, 10, 10, 32, 28, 11, 16, 20, 22, 29, 3, 1, 12, 8, 30, 26, 26, 35, 18, 6, 2, 24, 3, 12, 25, 30, 18, 20, 31, 1, 10, 8, 17, 7, 16, 25, 27, 27, 4, 32, 8, 6, 15, 3, 10, 12, 19, 2, 11, 20, 22, 31, 3, 14, 23, 30, 0, 7, 16, 20, 33, 12, 8, 4, 17, 24, 26, 0, 7, 16, 4, 2, 6, 15, 11, 24, 20, 3, 12, 26, 34, 11, 9, 22, 27, 1, 10, 6, 28, 28, 5, 7, 14, 16, 12, 21, 32, 34, 34, 34, 26, 22, 18, 31, 14, 14, 28, 9, 7, 1, 20, 12, 8, 17, 13, 12, 0, 32, 9, 9, 18, 14, 23, 27, 4, 32, 6, 15, 11, 24, 20, 33, 33, 7, 3, 3, 16, 12, 25, 25, 30, 4, 22, 31, 31, 1, 1, 14, 10, 10, 23, 6, 32, 28, 33, 7, 3, 16, 21, 34, 8, 13, 26, 26, 22, 0, 5, 5, 10, 28, 34, 11, 16, 15, 20, 20, 29, 3, 3, 14]


       ‖ S_mob
================
F_mob  ‖ <       

Vertical_support: 0.972
Indices_supporting: [17, 16, 33, 0, 12, 9, 25, 31, 8, 5, 27, 26, 2, 5, 24, 4, 3, 27, 33, 15, 7, 24, 3, 3, 0, 23, 5, 17, 9, 22, 31, 11, 10, 18, 15, 27, 33, 4, 17, 12, 8, 24, 26, 35, 22, 34, 10, 6, 32, 33, 21, 23, 28, 7, 20, 1, 13, 22, 9, 6, 14, 14, 27, 32, 29, 3, 29, 17, 32, 9, 35, 34, 27, 22, 1, 13, 18, 15, 25, 7, 24, 0, 30]


       ‖ N_tib
================
F_mob  ‖ <       

Vertical_support: 0.972
Indices_supporting: [20, 34, 3, 20, 35, 12, 9, 26, 25, 5, 3, 18, 34, 34, 35, 12, 26, 8, 1, 17, 10, 9, 26, 22, 35, 32, 31, 12, 5, 11, 28, 27, 1, 16, 10, 7, 6, 20, 2, 16, 32, 12, 28, 29, 3, 1, 30, 12, 30, 7, 4, 14, 16, 12, 9, 24, 21, 32, 12, 17, 34, 34, 34, 14, 7, 26, 5, 2, 18, 22, 14, 31, 14, 14, 31, 27, 7, 23, 24, 10, 3, 12, 9, 25, 28, 29, 31, 1, 30, 7, 1, 3, 18, 0, 33, 30, 8, 5, 4, 18, 20, 0, 17, 34, 23, 1, 0, 32, 10, 9, 6, 8, 22, 2, 2, 18, 17, 25, 31, 35, 27, 23, 14, 27, 7, 4, 23, 22, 16, 32, 32, 35, 28, 6, 3, 1, 12, 14, 27, 24, 4, 27, 20, 32, 8, 7, 6, 3, 3, 16, 32, 12, 32, 6, 25, 12, 8, 3, 17, 17, 12, 26, 27, 3, 0, 31, 12, 8, 5, 2, 18, 1, 17, 31, 31, 1, 1, 10, 23, 6, 2, 32, 32, 5, 2, 33, 27, 7, 23, 24, 27, 16, 30, 7, 6, 3, 0, 3, 6, 7, 17, 16, 30, 26, 8, 3, 20, 33, 13, 26, 23, 25, 22, 0, 5, 22, 17, 34, 11, 10, 24, 8, 26, 10, 7, 26, 6, 22, 15, 34, 33, 10, 20, 2, 16, 6, 3, 3, 21, 33, 12, 11, 7]


       ‖ F_mob
================
S_mob  ‖ <       

Vertical_support: 0.972
Indices_supporting: [18, 30, 10, 17, 23, 5, 20, 25, 35, 3, 14, 31, 27, 23, 5, 23, 16, 18, 17, 32, 6, 5, 23, 27, 23, 16, 18, 27, 1, 7, 0, 11, 21, 33, 30, 29, 7, 0, 0, 3, 2, 27, 22, 31, 13, 26, 8, 23, 25, 2, 24, 34, 33, 0, 0, 17, 26, 34, 33, 8, 35, 25, 35, 26, 7, 6, 13, 15, 27, 8, 20, 12, 12, 4, 14, 5, 22, 35, 32, 9, 15, 14, 27, 23, 9, 6, 5, 22, 31, 28, 3]


       ‖ N_tib
================
S_mob  ‖ <       

Vertical_support: 0.972
Indices_supporting: [20, 26, 26, 3, 20, 13, 26, 22, 22, 3, 35, 31, 12, 30, 26, 8, 17, 17, 10, 9, 10, 26, 31, 28, 5, 22, 12, 28, 27, 4, 21, 33, 28, 7, 6, 20, 12, 28, 28, 29, 3, 12, 8, 5, 4, 14, 12, 26, 26, 21, 35, 32, 25, 21, 17, 34, 34, 0, 14, 6, 5, 2, 18, 22, 31, 28, 14, 27, 7, 20, 28, 10, 3, 9, 28, 7, 24, 30, 7, 20, 13, 31, 12, 4, 20, 0, 17, 11, 0, 9, 6, 22, 18, 35, 17, 14, 31, 27, 23, 5, 14, 14, 27, 7, 4, 23, 22, 16, 32, 15, 31, 28, 32, 6, 3, 27, 4, 20, 33, 32, 8, 7, 3, 3, 9, 6, 8, 8, 3, 17, 20, 27, 26, 26, 3, 10, 8, 22, 2, 18, 31, 11, 28, 10, 23, 1, 14, 28, 10, 10, 20, 22, 18, 32, 28, 3, 2, 14, 27, 7, 4, 23, 3, 20, 16, 24, 27, 30, 6, 3, 21, 12, 22, 17, 16, 33, 26, 3, 20, 13, 26, 23, 26, 8, 5, 22, 4, 34, 26, 8, 0, 28, 10, 6, 22, 22, 16, 15, 1, 16, 33, 10, 7, 4, 20, 17, 20, 29, 26, 28, 21, 3, 3, 33, 11, 7]


       ‖ S_mob
================
N_tib  ‖ <       

Vertical_support: 0.972
Indices_supporting: [4, 17, 16, 0, 12, 25, 31, 28, 8, 5, 14, 27, 26, 23, 7, 24, 4, 3, 15, 27, 33, 7, 24, 3, 23, 3, 0, 0, 9, 8, 14, 30, 8, 5, 23, 17, 22, 35, 31, 28, 22, 11, 10, 23, 2, 18, 21, 20, 33, 4, 20, 17, 33, 12, 25, 8, 26, 35, 22, 28, 34, 10, 6, 2, 13, 32, 11, 21, 23, 28, 7, 20, 17, 26, 1, 26, 22, 9, 6, 18, 14, 14, 27, 16, 28, 22, 21, 32, 29, 3, 24, 20, 29, 5, 7, 0, 17, 6, 34, 8, 13, 27, 22, 1, 18, 15, 25, 7, 24, 18, 30]


       ‖ N_tib   N_tib
========================
N_tib  ‖ <       <       
------------------------
N_tib  ‖         <       

Vertical_support: 0.972
Indices_supporting: [20, 34, 26, 26, 35, 3, 20, 12, 26, 5, 22, 3, 34, 26, 17, 17, 11, 10, 26, 10, 22, 31, 28, 12, 5, 22, 12, 28, 11, 21, 33, 1, 28, 10, 7, 6, 22, 2, 16, 20, 12, 28, 28, 29, 3, 1, 30, 12, 30, 7, 4, 16, 30, 12, 26, 12, 12, 21, 17, 26, 14, 26, 6, 5, 19, 31, 14, 31, 7, 28, 10, 3, 15, 12, 9, 28, 31, 7, 1, 7, 1, 3, 20, 0, 30, 12, 5, 4, 18, 20, 17, 31, 34, 11, 13, 1, 0, 10, 9, 8, 22, 2, 22, 17, 31, 31, 30, 27, 23, 5, 14, 27, 7, 4, 22, 32, 32, 31, 28, 6, 3, 12, 11, 27, 4, 20, 33, 7, 6, 3, 3, 16, 12, 9, 30, 12, 8, 4, 3, 17, 17, 20, 12, 26, 26, 3, 12, 10, 8, 22, 18, 17, 31, 28, 10, 19, 1, 1, 14, 28, 10, 10, 6, 22, 2, 18, 20, 31, 28, 3, 33, 27, 7, 23, 27, 3, 20, 16, 30, 24, 7, 6, 3, 0, 3, 12, 7, 22, 16, 30, 31, 26, 8, 3, 20, 13, 26, 23, 22, 30, 12, 8, 22, 4, 17, 34, 11, 10, 8, 28, 10, 26, 7, 6, 22, 22, 16, 34, 15, 11, 16, 15, 10, 7, 4, 20, 17, 16, 26, 28, 6, 35, 3, 3, 33, 21, 12, 7]


       ‖ F_mob
================
N_tib  ‖ <       

Vertical_support: 0.972
Indices_supporting: [17, 1, 30, 33, 1, 3, 17, 32, 10, 8, 17, 14, 23, 5, 0, 20, 25, 35, 32, 3, 2, 1, 18, 14, 31, 27, 23, 5, 23, 23, 7, 16, 18, 12, 21, 14, 0, 16, 17, 17, 32, 25, 6, 5, 5, 22, 33, 23, 1, 0, 10, 23, 16, 34, 8, 5, 18, 27, 1, 14, 32, 7, 6, 2, 16, 11, 24, 4, 21, 16, 30, 29, 7, 32, 29, 9, 3, 3, 34, 35, 34, 33, 30, 27, 9, 22, 32, 31, 13, 12, 34, 8, 1, 24, 2, 18, 8, 16, 33, 0, 17, 12, 26, 21, 3, 18, 18, 34, 30, 8, 1, 35, 25, 35, 35, 5, 34, 27, 26, 1, 35, 7, 6, 22, 18, 31, 27, 24, 2, 8, 24, 4, 20, 1, 16, 12, 15, 12, 12, 11, 4, 34, 30, 24, 14, 9, 5, 22, 35, 32, 9, 2, 15, 14, 14, 14, 27, 26, 23, 27, 31, 6, 5, 2, 22, 31, 28, 31, 24, 8, 3, 16, 13, 16, 32, 25, 25, 2, 12, 9]


       ‖ S_mob
================
R_mob  ‖ <       

Vertical_support: 0.944
Indices_supporting: [4, 0, 16, 33, 12, 9, 25, 31, 5, 14, 26, 23, 5, 7, 3, 25, 3, 23, 0, 9, 8, 18, 14, 8, 5, 23, 17, 9, 22, 35, 31, 28, 27, 22, 10, 27, 23, 15, 27, 21, 33, 4, 20, 13, 24, 22, 34, 2, 32, 33, 23, 8, 26, 14, 27, 28, 22, 21, 32, 24, 20, 29, 5, 7, 0, 32, 9, 6, 34, 13, 22, 1, 35, 33, 24, 0, 30]


       ‖ F_mob
================
R_mob  ‖ <       

Vertical_support: 0.944
Indices_supporting: [18, 23, 17, 1, 30, 33, 1, 17, 32, 14, 23, 20, 25, 32, 6, 1, 34, 23, 7, 32, 12, 21, 16, 25, 22, 5, 5, 23, 1, 0, 10, 27, 23, 5, 18, 1, 27, 23, 14, 7, 0, 2, 16, 24, 33, 7, 32, 29, 3, 35, 34, 33, 9, 35, 26, 34, 8, 1, 24, 18, 24, 23, 24, 26, 24, 21, 18, 18, 34, 30, 8, 35, 35, 9, 34, 35, 7, 6, 31, 27, 2, 1, 8, 24, 4, 20, 1, 12, 12, 24, 30, 14, 9, 25, 5, 22, 9, 2, 15, 14, 14, 26, 23, 33, 5, 2, 31, 28, 31, 24, 14, 8, 27, 3, 16, 13, 16, 25, 12]


       ‖ N_tib
================
R_mob  ‖ <       

Vertical_support: 0.944
Indices_supporting: [20, 34, 26, 26, 20, 35, 12, 9, 26, 35, 34, 34, 26, 34, 11, 10, 9, 10, 26, 35, 32, 31, 28, 12, 5, 22, 12, 11, 28, 21, 1, 33, 28, 10, 7, 6, 20, 2, 22, 32, 12, 28, 29, 3, 34, 1, 30, 30, 8, 5, 4, 7, 14, 16, 30, 12, 9, 24, 26, 12, 12, 25, 25, 21, 18, 17, 34, 34, 26, 7, 6, 26, 18, 18, 14, 31, 14, 14, 31, 27, 7, 23, 28, 10, 3, 29, 28, 25, 31, 7, 1, 30, 8, 7, 1, 20, 18, 0, 33, 30, 12, 5, 18, 20, 17, 34, 11, 23, 1, 32, 9, 6, 9, 22, 2, 18, 22, 25, 35, 30, 23, 5, 14, 14, 7, 23, 22, 35, 32, 15, 31, 32, 25, 3, 1, 15, 12, 11, 24, 20, 33, 7, 6, 3, 3, 16, 15, 12, 9, 25, 25, 32, 30, 12, 8, 4, 20, 17, 12, 26, 26, 27, 31, 10, 12, 8, 5, 2, 18, 1, 17, 18, 22, 28, 31, 31, 23, 1, 14, 10, 10, 23, 20, 2, 18, 22, 32, 28, 25, 5, 3, 33, 14, 7, 24, 20, 16, 30, 7, 6, 3, 3, 6, 21, 12, 7, 22, 34, 31, 33, 8, 3, 26, 23, 26, 22, 0, 30, 12, 8, 22, 4, 17, 11, 24, 8, 26, 0, 28, 10, 7, 26, 22, 22, 16, 34, 11, 2, 1, 10, 7, 4, 2, 16, 26, 28, 6, 21, 35, 33, 14, 11, 7]


       ‖ S_mob
================
F_mob  ‖ m       

Vertical_support: 0.944
Indices_supporting: [4, 0, 16, 17, 33, 0, 12, 9, 2, 31, 27, 23, 2, 7, 3, 15, 25, 27, 24, 23, 3, 0, 18, 14, 30, 8, 5, 23, 17, 9, 35, 27, 10, 27, 23, 2, 27, 21, 4, 20, 17, 25, 32, 8, 24, 35, 6, 22, 6, 2, 13, 32, 33, 11, 8, 17, 13, 26, 22, 18, 14, 27, 16, 28, 21, 32, 3, 20, 29, 5, 7, 0, 17, 32, 6, 34, 13, 22, 0]


       ‖ F_mob
================
S_mob  ‖ m       

Vertical_support: 0.944
Indices_supporting: [33, 17, 17, 20, 35, 32, 6, 15, 27, 23, 32, 12, 21, 0, 17, 25, 6, 22, 5, 23, 1, 0, 10, 27, 5, 1, 0, 16, 7, 0, 32, 29, 9, 3, 3, 2, 33, 27, 0, 34, 8, 27, 24, 17, 26, 21, 3, 18, 30, 9, 2, 35, 4, 18, 27, 24, 8, 4, 20, 16, 15, 12, 25, 4, 24, 9, 2, 14, 27, 7, 23, 26, 33, 31, 28, 8, 27, 3, 13, 9, 2]


       ‖ R_mob
================
N_tib  ‖ <       

Vertical_support: 0.944
Indices_supporting: [32, 9, 9, 6, 18, 18, 11, 30, 1, 35, 14, 23, 34, 28, 22, 2, 15, 10, 1, 1, 30, 32, 3, 13, 32, 24, 8, 27, 20, 34, 33, 33, 3, 34, 12, 9, 31, 30, 27, 8, 1, 1, 10, 9, 26, 25, 35, 25, 5, 2, 14, 7, 22, 1, 16, 16, 31, 33, 6, 3, 22, 12, 18, 24, 6, 16, 16, 32, 9, 25, 26, 24, 12, 9, 22, 4, 17, 26, 6, 25, 5, 8, 18, 34, 31, 11, 26, 5, 2, 35, 24, 26, 16, 28, 2, 7, 4, 1, 30, 26, 35, 34, 5, 34, 14, 23, 32, 34, 25, 22, 34, 11, 23, 1, 5, 14, 21, 12, 7, 33, 33, 28, 22, 16, 9, 33, 8, 23, 35, 0, 17, 12, 18, 14, 31, 31, 5, 18, 1, 34, 31, 9, 23, 23, 6, 14, 24, 23, 1, 7, 7, 32, 12, 8, 24]


       ‖ F_mob
================
R_mob  ‖ m       

Vertical_support: 0.917
Indices_supporting: [18, 23, 17, 1, 30, 1, 3, 32, 10, 8, 14, 23, 5, 0, 25, 32, 6, 3, 2, 1, 18, 14, 31, 34, 23, 5, 23, 33, 7, 16, 18, 14, 17, 16, 32, 5, 33, 23, 16, 34, 8, 2, 18, 27, 27, 23, 1, 14, 32, 7, 6, 2, 11, 24, 4, 21, 16, 30, 33, 29, 0, 35, 34, 34, 30, 9, 22, 35, 32, 31, 13, 12, 26, 24, 1, 1, 23, 32, 25, 24, 2, 18, 8, 24, 23, 34, 16, 33, 0, 0, 12, 24, 18, 34, 33, 8, 27, 1, 35, 9, 25, 35, 35, 35, 5, 34, 27, 26, 1, 7, 6, 22, 15, 31, 2, 1, 24, 1, 12, 12, 11, 24, 34, 30, 14, 9, 25, 5, 22, 35, 32, 15, 14, 14, 27, 31, 9, 6, 5, 2, 31, 24, 14, 16, 16, 32, 25, 25, 12, 9]


       ‖ R_mob
================
R_mob  ‖ <       

Vertical_support: 0.917
Indices_supporting: [32, 35, 0, 13, 18, 18, 30, 1, 35, 23, 34, 28, 22, 2, 15, 14, 10, 24, 1, 1, 14, 30, 23, 3, 32, 25, 24, 8, 24, 23, 34, 3, 34, 12, 9, 14, 30, 31, 8, 1, 1, 35, 9, 26, 25, 35, 32, 25, 5, 2, 14, 7, 22, 1, 16, 16, 31, 33, 6, 22, 14, 18, 24, 6, 16, 32, 9, 25, 26, 24, 9, 5, 22, 26, 6, 5, 18, 34, 31, 11, 26, 2, 15, 24, 26, 33, 28, 2, 7, 4, 1, 30, 25, 25, 35, 34, 34, 14, 23, 34, 34, 23, 5, 1, 14, 29, 12, 7, 33, 33, 28, 22, 16, 9, 8, 33, 1, 35, 17, 16, 12, 18, 14, 5, 18, 1, 34, 31, 9, 23, 35, 32, 6, 18, 14, 24, 23, 27, 7, 7, 24, 33, 12, 8]


       ‖ F_mob
================
F_mob  ‖ <       

Vertical_support: 0.917
Indices_supporting: [18, 23, 17, 1, 30, 1, 3, 17, 32, 8, 17, 14, 5, 0, 35, 32, 32, 6, 6, 2, 1, 18, 34, 27, 23, 23, 33, 7, 16, 32, 21, 14, 0, 16, 32, 6, 5, 5, 22, 33, 23, 10, 27, 23, 34, 8, 5, 1, 27, 27, 23, 1, 14, 32, 7, 6, 0, 2, 16, 24, 16, 33, 7, 0, 32, 29, 9, 3, 3, 34, 35, 2, 34, 30, 27, 9, 35, 0, 32, 13, 12, 26, 34, 1, 1, 27, 23, 32, 24, 2, 18, 24, 23, 16, 33, 0, 17, 12, 24, 21, 3, 18, 34, 30, 27, 9, 35, 35, 9, 5, 2, 34, 27, 26, 1, 35, 22, 18, 31, 27, 2, 1, 8, 24, 4, 1, 16, 15, 12, 12, 11, 25, 24, 4, 34, 30, 24, 9, 25, 22, 35, 32, 2, 14, 14, 27, 23, 33, 31, 9, 6, 5, 2, 22, 31, 31, 24, 14, 8, 27, 3, 16, 13, 16, 32, 25, 12, 9]


       ‖ R_mob
================
F_mob  ‖ m       

Vertical_support: 0.889
Indices_supporting: [32, 9, 0, 9, 6, 27, 18, 30, 2, 1, 35, 2, 2, 10, 24, 1, 1, 14, 30, 32, 23, 3, 32, 25, 27, 24, 23, 34, 33, 3, 35, 12, 9, 14, 30, 31, 8, 1, 1, 9, 26, 25, 35, 32, 25, 5, 2, 14, 1, 16, 16, 31, 33, 14, 18, 24, 6, 16, 16, 32, 9, 24, 12, 22, 4, 26, 25, 18, 34, 31, 11, 2, 33, 15, 35, 7, 24, 26, 33, 2, 15, 7, 1, 30, 25, 35, 34, 5, 34, 14, 32, 34, 22, 34, 23, 5, 1, 5, 29, 12, 7, 33, 16, 9, 8, 21, 18, 1, 35, 0, 16, 17, 12, 31, 5, 1, 0, 31, 34, 23, 23, 35, 32, 6, 2, 18, 14, 27, 23, 1, 27, 24, 33, 32, 12, 8, 24]


       ‖ R_mob
================
S_mob  ‖ m       

Vertical_support: 0.889
Indices_supporting: [5, 27, 31, 35, 33, 13, 10, 16, 28, 35, 13, 22, 28, 18, 11, 26, 15, 4, 33, 7, 8, 14, 22, 23, 26, 23, 29, 35, 6, 3, 18, 22, 25, 14, 12, 22, 28, 31, 15, 14, 18, 0, 9, 14, 20, 23, 26, 25, 13, 22, 28, 24, 25, 9, 24, 5, 11, 8, 17, 20, 7, 7, 33, 0, 6, 34, 5, 14, 21, 8, 30]


       ‖ R_mob
================
S_mob  ‖ <       

Vertical_support: 0.889
Indices_supporting: [9, 35, 13, 9, 18, 2, 28, 2, 14, 30, 32, 3, 32, 24, 27, 24, 20, 34, 33, 3, 30, 8, 13, 9, 26, 25, 22, 18, 6, 16, 16, 26, 12, 9, 22, 4, 25, 8, 35, 15, 7, 26, 33, 28, 15, 7, 4, 1, 34, 5, 23, 32, 23, 5, 12, 7, 33, 28, 21, 18, 33, 0, 17, 12, 14, 5, 0, 31, 9, 23, 23, 35, 6, 2, 14, 27, 24, 23, 1, 27, 33, 8, 24]


       ‖ N_tib   R_mob
========================
N_tib  ‖ <       <       
------------------------
N_tib  ‖         <       

Vertical_support: 0.889
Indices_supporting: [9, 18, 30, 35, 1, 14, 23, 28, 22, 2, 10, 3, 13, 32, 24, 8, 27, 20, 33, 3, 12, 9, 26, 25, 5, 7, 22, 33, 16, 31, 6, 22, 16, 32, 26, 22, 26, 6, 5, 31, 11, 2, 16, 28, 2, 7, 4, 30, 35, 5, 34, 34, 22, 11, 23, 5, 14, 12, 7, 33, 28, 8, 0, 17, 12, 18, 31, 5, 1, 31, 6, 14, 23, 7, 7, 12, 8]


       ‖ N_tib   F_mob
========================
N_tib  ‖ <       <       
------------------------
N_tib  ‖         <       

Vertical_support: 0.889
Indices_supporting: [17, 33, 1, 1, 3, 17, 32, 10, 8, 17, 20, 32, 3, 1, 31, 27, 23, 23, 7, 16, 12, 0, 17, 32, 5, 5, 23, 0, 10, 23, 16, 34, 7, 6, 2, 16, 11, 4, 7, 32, 3, 3, 34, 33, 30, 13, 1, 16, 17, 12, 26, 21, 3, 8, 35, 5, 26, 7, 6, 22, 31, 2, 8, 20, 1, 15, 12, 12, 11, 4, 34, 30, 22, 14, 27, 26, 6, 31, 28, 31, 24, 3, 16, 12, 9]


       ‖ N_tib   N_tib
========================
R_mob  ‖ <       <       
------------------------
N_tib  ‖         <       

Vertical_support: 0.861
Indices_supporting: [34, 26, 26, 20, 35, 26, 11, 10, 10, 31, 28, 5, 22, 11, 28, 21, 28, 7, 6, 20, 22, 2, 12, 28, 3, 30, 30, 7, 30, 12, 26, 12, 12, 25, 21, 26, 26, 31, 31, 27, 28, 10, 3, 28, 7, 7, 1, 20, 12, 20, 17, 23, 1, 32, 9, 22, 22, 18, 23, 5, 7, 22, 35, 32, 32, 3, 12, 11, 20, 33, 7, 6, 3, 3, 16, 12, 9, 25, 30, 12, 20, 17, 26, 26, 12, 8, 22, 18, 17, 31, 1, 14, 10, 10, 2, 28, 33, 14, 20, 16, 6, 3, 12, 7, 34, 3, 26, 12, 8, 22, 4, 17, 26, 8, 0, 10, 26, 7, 22, 34, 11, 10, 7, 4, 16, 28, 7]


       ‖ R_mob
================
F_mob  ‖ <       

Vertical_support: 0.861
Indices_supporting: [13, 9, 18, 30, 2, 1, 35, 23, 34, 22, 2, 1, 1, 32, 23, 13, 32, 24, 8, 27, 23, 20, 12, 31, 30, 1, 35, 13, 5, 2, 14, 1, 33, 31, 6, 14, 24, 16, 16, 32, 9, 25, 26, 24, 12, 9, 17, 26, 6, 5, 18, 26, 2, 35, 24, 26, 33, 2, 7, 4, 25, 25, 34, 0, 14, 23, 32, 34, 25, 11, 23, 5, 1, 14, 33, 28, 16, 9, 21, 33, 1, 35, 16, 18, 1, 0, 34, 23, 23, 35, 32, 2, 14, 23, 27, 7, 7, 24, 12]


       ‖ S_mob   F_mob
========================
N_tib  ‖ <       <       
------------------------
S_mob  ‖         m       

Vertical_support: 0.861
Indices_supporting: [8, 23, 4, 33, 20, 16, 0, 10, 17, 15, 12, 17, 4, 24, 22, 20, 17, 26, 16, 21, 3, 18, 30, 2, 27, 14, 23, 27, 26, 23, 7, 6, 32, 29, 12, 3, 3, 31, 28, 21, 0, 35, 3, 13, 18, 27, 34, 5, 8]


       ‖ R_mob   F_mob
========================
N_tib  ‖ <       <       
------------------------
R_mob  ‖         m       

Vertical_support: 0.861
Indices_supporting: [1, 1, 30, 24, 17, 1, 12, 1, 3, 23, 32, 10, 16, 34, 8, 12, 11, 14, 18, 34, 23, 5, 27, 16, 2, 14, 32, 25, 9, 32, 7, 6, 22, 35, 32, 12, 0, 3, 11, 1, 34, 14, 21, 15, 23, 23, 8, 27, 31, 35, 16, 18, 6, 5, 2, 34, 31, 5, 34, 24, 26, 30, 9, 1, 16, 32, 7, 6, 16, 22, 13, 31, 5, 12, 9, 33]


       ‖ F_mob   R_mob
========================
R_mob  ‖ m       <       
------------------------
F_mob  ‖         m       

Vertical_support: 0.833
Indices_supporting: [32, 0, 18, 30, 1, 35, 2, 10, 24, 1, 1, 30, 14, 23, 3, 25, 24, 23, 34, 12, 9, 31, 14, 1, 1, 25, 35, 32, 5, 2, 14, 1, 33, 16, 31, 16, 14, 24, 6, 32, 9, 24, 22, 26, 18, 34, 31, 11, 2, 15, 24, 26, 2, 30, 25, 35, 34, 14, 34, 34, 23, 5, 1, 29, 12, 7, 16, 9, 8, 1, 35, 17, 16, 5, 1, 34, 31, 35, 32, 6, 18, 27, 24, 33, 12]


       ‖ S_mob
================
R_mob  ‖ m       

Vertical_support: 0.833
Indices_supporting: [34, 10, 34, 29, 25, 31, 28, 5, 22, 24, 28, 8, 5, 11, 21, 23, 14, 28, 26, 7, 20, 9, 35, 18, 5, 8, 20, 26, 24, 33, 1, 15, 1, 33, 4, 13, 12, 13, 35, 9, 6, 15, 18, 25, 25, 7, 14, 15, 33, 7, 14, 3, 26, 0, 18, 9, 8, 30, 28]


       ‖ N_tib   N_tib
========================
S_mob  ‖ <       <       
------------------------
N_tib  ‖         <       

Vertical_support: 0.833
Indices_supporting: [20, 26, 13, 26, 22, 3, 31, 26, 17, 10, 26, 10, 31, 28, 22, 28, 21, 28, 7, 20, 12, 28, 3, 12, 12, 26, 32, 17, 14, 6, 5, 31, 14, 7, 28, 10, 3, 9, 28, 7, 7, 20, 12, 20, 11, 22, 17, 27, 5, 14, 27, 4, 23, 32, 31, 28, 6, 3, 4, 20, 3, 8, 8, 20, 3, 17, 26, 26, 3, 10, 2, 18, 28, 1, 28, 10, 10, 20, 22, 18, 28, 3, 14, 27, 27, 4, 7, 20, 24, 30, 6, 3, 22, 16, 20, 26, 22, 4, 34, 26, 8, 28, 22, 16, 10, 4, 20, 20, 26, 28, 21, 3, 3, 33, 7]


       ‖ N_tib   N_tib
========================
F_mob  ‖ <       <       
------------------------
N_tib  ‖         <       

Vertical_support: 0.806
Indices_supporting: [20, 34, 3, 12, 34, 8, 17, 10, 26, 32, 31, 12, 5, 28, 10, 7, 16, 28, 3, 30, 30, 7, 4, 16, 12, 9, 32, 12, 14, 26, 5, 31, 14, 27, 10, 12, 31, 1, 1, 3, 0, 30, 5, 18, 20, 17, 1, 9, 8, 2, 17, 27, 23, 27, 7, 22, 16, 32, 28, 6, 3, 12, 27, 4, 20, 7, 3, 3, 12, 12, 3, 17, 12, 3, 31, 12, 17, 31, 1, 10, 27, 27, 23, 16, 7, 6, 3, 6, 0, 7, 16, 30, 26, 8, 20, 3, 22, 22, 34, 17, 11, 10, 26, 10, 26, 7, 6, 22, 20, 6, 3, 3, 21, 33, 12, 7]


       ‖ S_mob
================
S_mob  ‖ <       

Vertical_support: 0.806
Indices_supporting: [0, 17, 0, 31, 28, 14, 27, 2, 7, 24, 4, 25, 27, 33, 7, 24, 3, 23, 3, 0, 9, 8, 14, 8, 23, 22, 35, 28, 27, 22, 11, 10, 23, 15, 27, 21, 20, 4, 20, 17, 33, 13, 8, 14, 26, 35, 28, 6, 21, 23, 28, 7, 20, 17, 26, 13, 26, 22, 9, 14, 27, 28, 22, 3, 24, 20, 29, 5, 17, 9, 8, 27, 35, 13, 18, 25, 33, 0]


       ‖ F_mob   F_mob
========================
R_mob  ‖ m       <       
------------------------
F_mob  ‖         <       

Vertical_support: 0.778
Indices_supporting: [23, 17, 1, 1, 17, 32, 14, 32, 6, 1, 34, 23, 7, 32, 21, 16, 5, 22, 23, 27, 23, 5, 1, 27, 23, 14, 0, 2, 16, 24, 33, 7, 32, 3, 35, 34, 9, 35, 34, 1, 24, 18, 24, 23, 24, 18, 34, 30, 35, 35, 9, 34, 35, 31, 27, 2, 1, 8, 24, 4, 1, 12, 12, 24, 30, 9, 25, 22, 2, 14, 14, 23, 33, 5, 2, 31, 31, 24, 14, 8, 27, 3, 16, 16, 13, 25, 12]


       ‖ R_mob   N_tib
========================
F_mob  ‖ m       <       
------------------------
R_mob  ‖         <       

Vertical_support: 0.778
Indices_supporting: [34, 12, 26, 34, 9, 35, 32, 12, 5, 1, 10, 2, 32, 1, 30, 7, 4, 16, 12, 9, 34, 34, 7, 14, 14, 14, 31, 7, 31, 1, 1, 7, 18, 0, 33, 30, 5, 18, 34, 1, 9, 25, 22, 2, 35, 22, 3, 12, 24, 7, 3, 16, 32, 12, 12, 17, 12, 31, 12, 5, 2, 17, 31, 31, 1, 32, 5, 24, 16, 7, 6, 3, 8, 26, 22, 0, 11, 26, 10, 7, 34, 2, 6, 21, 33, 24]


       ‖ R_mob   F_mob
========================
S_mob  ‖ m       <       
------------------------
R_mob  ‖         m       

Vertical_support: 0.778
Indices_supporting: [12, 10, 16, 25, 18, 23, 24, 34, 14, 25, 0, 7, 5, 3, 11, 33, 31, 14, 21, 15, 8, 5, 14, 27, 35, 23, 23, 29, 30, 0, 25, 35, 18, 6, 17, 22, 7, 6, 31, 13, 26, 15, 5]


       ‖ F_mob   N_tib
========================
S_mob  ‖ m       <       
------------------------
F_mob  ‖         <       

Vertical_support: 0.778
Indices_supporting: [27, 27, 24, 27, 4, 14, 20, 16, 32, 22, 28, 26, 3, 12, 27, 17, 16, 8, 20, 27, 7, 26, 4, 14, 20, 10, 9, 10, 31, 3, 6, 9, 28, 28, 27, 34, 8, 30, 3, 17, 8, 20, 29, 2, 31, 12, 4, 20, 33, 0, 1, 10, 10, 0, 21, 32, 21, 3, 35, 3, 33, 2, 27, 34]


       ‖ F_mob   N_tib
========================
N_tib  ‖ <       <       
------------------------
F_mob  ‖         <       

Vertical_support: 0.778
Indices_supporting: [34, 7, 24, 27, 7, 30, 14, 20, 32, 32, 3, 3, 26, 28, 31, 3, 7, 26, 16, 31, 20, 3, 10, 9, 10, 23, 16, 31, 12, 28, 11, 28, 17, 1, 3, 17, 17, 7, 1, 12, 6, 20, 2, 12, 12, 29, 8, 18, 1, 1, 30, 17, 5, 20, 31, 31, 4, 1, 1, 10, 10, 0, 16, 2, 6, 3, 27, 17]


       ‖ F_mob   N_tib
========================
R_mob  ‖ m       <       
------------------------
F_mob  ‖         <       

Vertical_support: 0.75
Indices_supporting: [34, 35, 9, 35, 34, 5, 11, 7, 6, 2, 12, 3, 1, 30, 30, 12, 9, 12, 34, 17, 26, 18, 14, 31, 14, 31, 27, 23, 29, 25, 1, 7, 1, 33, 5, 17, 23, 1, 32, 6, 25, 22, 23, 14, 7, 23, 22, 35, 32, 32, 3, 1, 12, 6, 3, 3, 16, 12, 25, 12, 17, 27, 12, 26, 12, 8, 5, 18, 1, 17, 31, 1, 23, 2, 5, 33, 7, 16, 30, 6, 3, 3, 7, 3, 23, 22, 17, 24, 26, 34, 2, 16, 14, 24]


       ‖ S_mob   N_tib
========================
F_mob  ‖ m       <       
------------------------
S_mob  ‖         <       

Vertical_support: 0.75
Indices_supporting: [20, 27, 27, 23, 14, 22, 27, 16, 23, 7, 14, 3, 16, 32, 32, 5, 2, 18, 6, 22, 6, 28, 3, 35, 16, 4, 8, 11, 27, 17, 26, 32, 3, 8, 20, 26, 13, 3, 10, 6, 5, 22, 28, 27, 3, 17, 7, 6, 3, 6, 22, 28, 15, 3, 4, 20, 0, 17, 33, 20, 21, 32, 32, 3, 17, 27, 34, 23]


       ‖ R_mob   F_mob
========================
F_mob  ‖ m       <       
------------------------
R_mob  ‖         m       

Vertical_support: 0.75
Indices_supporting: [18, 23, 17, 1, 30, 1, 3, 32, 8, 14, 5, 0, 32, 6, 2, 18, 1, 34, 33, 7, 16, 14, 16, 32, 33, 23, 34, 8, 27, 27, 23, 1, 32, 14, 6, 2, 24, 33, 16, 35, 34, 30, 9, 35, 32, 12, 1, 1, 23, 32, 24, 2, 18, 23, 33, 16, 0, 12, 24, 18, 34, 27, 9, 35, 35, 5, 34, 27, 26, 1, 22, 31, 2, 1, 24, 1, 12, 11, 24, 34, 30, 9, 25, 22, 35, 32, 14, 31, 9, 5, 2, 31, 24, 14, 16, 16, 32, 25, 12, 9]


       ‖ F_mob   R_mob
========================
N_tib  ‖ <       <       
------------------------
F_mob  ‖         m       

Vertical_support: 0.75
Indices_supporting: [12, 2, 35, 7, 32, 1, 1, 33, 24, 9, 26, 25, 9, 16, 25, 2, 18, 30, 5, 2, 7, 14, 1, 1, 30, 35, 35, 17, 1, 33, 0, 31, 16, 16, 12, 35, 2, 5, 18, 1, 10, 5, 31, 1, 30, 14, 23, 23, 6, 16, 34, 32, 3, 24, 6, 32, 34, 24, 14, 12, 22, 22, 27, 23, 1, 26, 33, 5, 3, 12, 12, 18, 34, 31, 11, 24]


       ‖ S_mob   F_mob
========================
R_mob  ‖ <       <       
------------------------
S_mob  ‖         m       

Vertical_support: 0.722
Indices_supporting: [8, 23, 4, 27, 17, 12, 5, 1, 24, 22, 0, 16, 30, 2, 14, 23, 23, 7, 33, 32, 32, 3, 9, 31, 28, 21, 8, 35, 27, 3, 13, 27, 34, 5]


       ‖ S_mob   F_mob
========================
F_mob  ‖ m       <       
------------------------
S_mob  ‖         m       

Vertical_support: 0.722
Indices_supporting: [8, 23, 4, 16, 27, 17, 15, 12, 25, 17, 4, 5, 24, 24, 22, 17, 35, 32, 0, 16, 6, 3, 2, 27, 23, 14, 27, 23, 7, 0, 33, 6, 32, 9, 32, 3, 9, 3, 21, 2, 2, 27, 0, 27, 8, 35, 0, 13, 18, 27, 34, 5]


       ‖ N_tib   S_mob
========================
N_tib  ‖ <       <       
------------------------
N_tib  ‖         <       

Vertical_support: 0.722
Indices_supporting: [30, 4, 17, 16, 8, 34, 10, 17, 13, 22, 12, 3, 28, 28, 22, 20, 11, 5, 23, 29, 10, 7, 14, 28, 26, 17, 27, 20, 6, 18, 17, 21, 26, 33, 7, 4, 22, 20, 26, 4, 12, 3, 15, 27, 14, 14, 7, 3, 26, 23, 3, 22, 22, 28, 8, 28]


       ‖ R_mob   N_tib
========================
N_tib  ‖ <       <       
------------------------
R_mob  ‖         <       

Vertical_support: 0.722
Indices_supporting: [5, 20, 34, 24, 7, 26, 6, 21, 3, 3, 26, 3, 34, 12, 14, 7, 10, 9, 26, 7, 28, 3, 23, 26, 22, 16, 22, 31, 5, 8, 12, 12, 8, 21, 1, 7, 17, 1, 12, 28, 2, 22, 10, 12, 12, 34, 30, 8, 16, 1, 31, 5, 34, 23, 11, 4, 16, 14, 12, 1, 10, 22, 26, 9, 6, 18, 22, 22, 3, 34, 7]


       ‖ F_mob   S_mob
========================
R_mob  ‖ m       <       
------------------------
F_mob  ‖         m       

Vertical_support: 0.694
Indices_supporting: [4, 0, 23, 8, 5, 33, 16, 17, 21, 32, 2, 9, 32, 12, 35, 9, 27, 33, 27, 23, 5, 7, 0, 23, 32, 6, 8, 34, 7, 13, 22, 3, 25, 14, 24, 23, 0, 22, 18, 14]


       ‖ R_mob   F_mob
========================
R_mob  ‖ <       <       
------------------------
R_mob  ‖         m       

Vertical_support: 0.694
Indices_supporting: [18, 23, 1, 1, 30, 24, 17, 1, 1, 23, 32, 24, 12, 18, 14, 24, 18, 23, 30, 23, 24, 27, 23, 14, 14, 25, 9, 32, 25, 22, 5, 2, 7, 6, 24, 18, 1, 34, 34, 24, 15, 14, 8, 33, 7, 35, 35, 5, 35, 2, 34, 31, 34, 24, 14, 9, 16, 35, 7, 16, 16, 6, 25, 26, 31, 5, 12, 2, 1]


       ‖ N_tib   F_mob
========================
R_mob  ‖ <       <       
------------------------
N_tib  ‖         <       

Vertical_support: 0.694
Indices_supporting: [8, 17, 20, 0, 10, 1, 17, 23, 32, 12, 12, 18, 30, 32, 7, 2, 16, 1, 8, 23, 26, 7, 32, 35, 35, 5, 3, 34, 21, 31, 31, 28, 33, 8, 3, 7, 25, 31, 27, 5, 12, 2]


       ‖ S_mob   N_tib
========================
R_mob  ‖ m       <       
------------------------
S_mob  ‖         <       

Vertical_support: 0.694
Indices_supporting: [5, 14, 20, 26, 26, 20, 15, 12, 26, 20, 33, 10, 7, 28, 10, 26, 3, 31, 28, 3, 5, 28, 22, 8, 7, 28, 4, 8, 30, 26, 8, 7, 33, 28, 26, 20, 0, 20, 10, 29, 28, 8, 12, 18, 31, 20, 1, 5, 23, 4, 10, 14, 14, 7, 4, 10, 28, 9, 6, 22, 28, 18, 25, 21, 7]


       ‖ R_mob   S_mob
========================
F_mob  ‖ m       <       
------------------------
R_mob  ‖         m       

Vertical_support: 0.694
Indices_supporting: [34, 10, 29, 25, 31, 8, 5, 23, 21, 26, 35, 18, 5, 24, 33, 1, 1, 4, 12, 9, 6, 15, 25, 33, 14, 15, 7, 7, 3, 0, 30]


       ‖ F_mob   R_mob
========================
S_mob  ‖ m       <       
------------------------
F_mob  ‖         m       

Vertical_support: 0.694
Indices_supporting: [30, 35, 8, 9, 33, 7, 33, 9, 26, 9, 25, 15, 21, 18, 7, 2, 1, 0, 12, 2, 34, 18, 0, 5, 23, 32, 23, 16, 16, 32, 32, 2, 14, 12, 27, 23, 4, 27, 1, 33, 5, 3, 25, 8, 24]


       ‖ F_mob   S_mob
========================
F_mob  ‖ <       <       
------------------------
F_mob  ‖         m       

Vertical_support: 0.667
Indices_supporting: [17, 23, 5, 33, 16, 17, 32, 6, 0, 9, 32, 3, 9, 12, 33, 31, 29, 10, 27, 17, 32, 2, 34, 27, 4, 22, 13, 17, 22, 3, 27, 8, 14, 24, 27, 24, 35, 3, 22, 0]


       ‖ R_mob   R_mob
========================
F_mob  ‖ m       <       
------------------------
R_mob  ‖         <       

Vertical_support: 0.667
Indices_supporting: [30, 2, 1, 35, 24, 26, 16, 2, 9, 18, 30, 2, 5, 33, 14, 4, 1, 35, 1, 35, 1, 33, 16, 31, 34, 6, 25, 25, 14, 2, 22, 1, 34, 1, 1, 24, 14, 35, 32, 23, 32, 23, 9, 25, 34, 24, 24, 9, 8, 23, 23, 5, 1, 27, 24, 26, 7, 12, 14, 12, 18, 5, 26, 31]


       ‖ R_mob   N_tib
========================
S_mob  ‖ m       <       
------------------------
R_mob  ‖         <       

Vertical_support: 0.667
Indices_supporting: [5, 14, 20, 7, 14, 20, 26, 23, 30, 6, 31, 3, 21, 31, 3, 22, 33, 10, 26, 28, 26, 23, 22, 8, 12, 8, 21, 20, 26, 7, 27, 26, 28, 22, 10, 16, 12, 8, 18, 28, 5, 11, 23, 14, 14, 34, 12, 10, 26, 22, 26, 18, 6, 9, 22, 28, 20, 3, 11, 17]


       ‖ S_mob   N_tib
========================
N_tib  ‖ <       <       
------------------------
S_mob  ‖         <       

Vertical_support: 0.667
Indices_supporting: [5, 27, 14, 23, 20, 26, 16, 14, 26, 7, 3, 22, 20, 32, 28, 2, 12, 3, 35, 26, 4, 26, 3, 10, 7, 20, 13, 28, 26, 3, 3, 10, 28, 5, 22, 7, 22, 28, 8, 3, 17, 33, 28, 7, 7, 20, 6, 20, 3, 10, 6, 29, 28, 28, 15, 22, 12, 3, 4, 20, 17, 23, 4, 10, 7, 14, 20, 10, 28, 22, 28, 27, 23]


       ‖ F_mob   S_mob
========================
N_tib  ‖ <       <       
------------------------
F_mob  ‖         m       

Vertical_support: 0.667
Indices_supporting: [4, 17, 8, 23, 5, 16, 17, 32, 32, 3, 12, 31, 20, 29, 10, 5, 7, 27, 17, 6, 34, 17, 21, 7, 13, 4, 22, 20, 17, 26, 22, 3, 27, 14, 35, 23, 3, 22, 28]


       ‖ R_mob
================
N_tib  ‖ m       

Vertical_support: 0.667
Indices_supporting: [5, 12, 7, 8, 24, 10, 0, 28, 33, 22, 21, 18, 30, 1, 7, 16, 29, 31, 14, 14, 10, 31, 30, 14, 3, 6, 22, 28, 2, 27, 4, 20, 31]


       ‖ N_tib   F_mob
========================
S_mob  ‖ <       <       
------------------------
N_tib  ‖         <       

Vertical_support: 0.639
Indices_supporting: [20, 23, 10, 16, 12, 2, 17, 1, 20, 35, 7, 22, 26, 32, 11, 31, 8, 14, 7, 25, 16, 6, 5, 3, 31, 28, 26, 17, 32, 3, 7, 31, 13]


       ‖ F_mob   R_mob   F_mob
================================
R_mob  ‖ m       <       <       
--------------------------------
F_mob  ‖         m       <       
--------------------------------
R_mob  ‖                 m       

Vertical_support: 0.611
Indices_supporting: [23, 1, 1, 24, 17, 1, 1, 32, 24, 12, 18, 24, 14, 30, 23, 27, 23, 14, 9, 32, 25, 22, 2, 6, 24, 18, 1, 24, 34, 34, 33, 14, 7, 35, 35, 5, 35, 2, 34, 31, 24, 34, 14, 9, 16, 35, 16, 16, 25, 31, 12, 2, 1]


       ‖ F_mob   S_mob   F_mob
================================
R_mob  ‖ m       <       <       
--------------------------------
F_mob  ‖         m       <       
--------------------------------
S_mob  ‖                 m       

Vertical_support: 0.611
Indices_supporting: [8, 23, 4, 27, 17, 12, 5, 24, 22, 0, 16, 2, 23, 14, 23, 7, 33, 32, 32, 3, 9, 21, 8, 35, 27, 13, 34, 5]


       ‖ N_tib   R_mob
========================
R_mob  ‖ <       <       
------------------------
N_tib  ‖         <       

Vertical_support: 0.611
Indices_supporting: [2, 7, 26, 28, 26, 22, 2, 25, 7, 1, 7, 22, 23, 31, 12, 28, 18, 22, 34, 5, 10, 9, 16, 32, 26, 34, 32, 14, 23, 26, 7, 7, 12, 3, 34, 6, 5, 14, 9, 11, 8]


       ‖ F_mob   R_mob
========================
F_mob  ‖ <       <       
------------------------
F_mob  ‖         m       

Vertical_support: 0.611
Indices_supporting: [30, 2, 35, 1, 24, 26, 33, 9, 16, 18, 2, 9, 30, 5, 2, 21, 7, 14, 2, 1, 35, 1, 35, 1, 33, 16, 31, 25, 14, 2, 34, 1, 0, 34, 1, 23, 23, 1, 32, 14, 32, 23, 32, 35, 16, 32, 34, 32, 16, 2, 24, 9, 14, 24, 12, 23, 27, 23, 23, 5, 1, 27, 24, 26, 12, 12, 18, 31]


       ‖ N_tib   F_mob
========================
F_mob  ‖ <       <       
------------------------
N_tib  ‖         <       

Vertical_support: 0.611
Indices_supporting: [17, 1, 1, 3, 1, 17, 10, 23, 34, 8, 12, 30, 27, 16, 35, 7, 6, 2, 16, 21, 3, 27, 23, 23, 27, 7, 6, 3, 34, 24, 30, 0, 32, 3, 32, 13, 31, 27, 5, 12]


       ‖ R_mob   R_mob
========================
S_mob  ‖ m       <       
------------------------
R_mob  ‖         <       

Vertical_support: 0.611
Indices_supporting: [12, 15, 7, 8, 26, 35, 13, 28, 18, 17, 28, 22, 14, 14, 5, 31, 9, 23, 30, 6, 3, 6, 24, 22, 24, 34, 33, 8]


       ‖ R_mob   R_mob
========================
N_tib  ‖ <       <       
------------------------
R_mob  ‖         <       

Vertical_support: 0.611
Indices_supporting: [12, 2, 7, 28, 16, 2, 18, 30, 5, 26, 33, 4, 35, 1, 31, 34, 22, 22, 5, 1, 24, 6, 3, 34, 24, 9, 24, 23, 7, 12, 5, 12, 8]


       ‖ F_mob   R_mob
========================
R_mob  ‖ <       <       
------------------------
F_mob  ‖         m       

Vertical_support: 0.583
Indices_supporting: [30, 2, 7, 8, 33, 26, 33, 9, 26, 25, 2, 7, 1, 1, 16, 31, 12, 25, 34, 5, 18, 1, 23, 14, 6, 24, 16, 34, 32, 24, 14, 23, 24, 12, 3]


       ‖ N_tib
================
R_mob  ‖ m       

Vertical_support: 0.583
Indices_supporting: [34, 3, 35, 35, 15, 9, 5, 31, 34, 31, 30, 31, 23, 22, 25, 1, 17, 30, 24, 5, 3, 12, 0, 28, 1, 12, 20, 28, 35, 18, 14, 7]


       ‖ F_mob   N_tib
========================
F_mob  ‖ <       <       
------------------------
F_mob  ‖         <       

Vertical_support: 0.583
Indices_supporting: [34, 27, 16, 14, 22, 16, 32, 3, 8, 14, 16, 31, 27, 4, 12, 6, 12, 27, 1, 3, 17, 12, 12, 33, 5, 17, 5, 30, 31, 31, 0, 33, 4, 1, 2, 9, 21, 32, 3, 5, 27, 34]


       ‖ S_mob   F_mob
========================
F_mob  ‖ <       <       
------------------------
S_mob  ‖         m       

Vertical_support: 0.583
Indices_supporting: [27, 10, 12, 17, 4, 5, 1, 24, 35, 16, 21, 30, 27, 27, 33, 0, 29, 32, 9, 31, 27, 3, 6, 22]


       ‖ N_tib   R_mob
========================
F_mob  ‖ <       <       
------------------------
N_tib  ‖         <       

Vertical_support: 0.583
Indices_supporting: [26, 9, 5, 30, 7, 1, 33, 23, 31, 6, 22, 2, 1, 23, 32, 16, 16, 32, 23, 9, 34, 32, 25, 14, 23, 8, 27, 23, 20, 26, 7, 12, 5, 12, 14, 31]


       ‖ R_mob   F_mob
========================
F_mob  ‖ m       <       
------------------------
R_mob  ‖         <       

Vertical_support: 0.583
Indices_supporting: [1, 1, 24, 1, 10, 12, 14, 24, 5, 1, 24, 23, 22, 7, 16, 21, 30, 33, 29, 32, 2, 9, 34, 31, 24, 16, 3, 16, 26, 5, 12, 1]


       ‖ N_tib   R_mob
========================
S_mob  ‖ <       <       
------------------------
N_tib  ‖         <       

Vertical_support: 0.583
Indices_supporting: [8, 7, 9, 26, 28, 26, 28, 18, 7, 4, 17, 12, 22, 28, 5, 31, 5, 32, 16, 3, 26, 6, 32, 24, 14, 22, 23, 4, 23, 20, 33, 3, 8]


       ‖ F_mob   F_mob
========================
N_tib  ‖ <       <       
------------------------
F_mob  ‖         <       

Vertical_support: 0.583
Indices_supporting: [8, 17, 1, 23, 24, 1, 1, 32, 12, 17, 14, 4, 27, 17, 32, 22, 35, 16, 1, 27, 23, 7, 32, 16, 3, 2, 34, 31, 24, 26, 16, 32, 3, 16, 13, 34, 5, 12, 2]


       ‖ R_mob   S_mob
========================
N_tib  ‖ <       <       
------------------------
R_mob  ‖         m       

Vertical_support: 0.583
Indices_supporting: [34, 31, 28, 24, 22, 5, 11, 23, 14, 28, 26, 7, 20, 8, 26, 24, 33, 1, 1, 33, 4, 18, 9, 25, 33, 14, 7, 3, 26, 9, 8, 30, 28]


       ‖ R_mob   N_tib
========================
R_mob  ‖ <       <       
------------------------
R_mob  ‖         <       

Vertical_support: 0.556
Indices_supporting: [5, 34, 14, 3, 12, 28, 3, 16, 22, 5, 8, 12, 26, 7, 17, 1, 2, 8, 34, 1, 31, 23, 5, 14, 12, 1, 9, 6, 25, 22, 5, 34, 24]


       ‖ R_mob   F_mob
========================
S_mob  ‖ <       <       
------------------------
R_mob  ‖         m       

Vertical_support: 0.556
Indices_supporting: [18, 30, 23, 23, 12, 2, 24, 5, 27, 33, 1, 0, 22, 35, 32, 34, 33, 8, 9, 16, 5, 31, 26, 32]


       ‖ N_tib   S_mob
========================
R_mob  ‖ <       <       
------------------------
N_tib  ‖         <       

Vertical_support: 0.528
Indices_supporting: [34, 21, 8, 16, 12, 28, 22, 20, 5, 23, 10, 7, 14, 23, 26, 21, 33, 4, 20, 26, 14, 27, 3, 24, 28, 22]


       ‖ S_mob   R_mob
========================
R_mob  ‖ m       <       
------------------------
S_mob  ‖         m       

Vertical_support: 0.528
Indices_supporting: [35, 35, 13, 28, 18, 33, 4, 7, 6, 28, 22, 18, 25, 8, 14, 15, 14, 9, 23, 25, 24, 9, 24, 5, 8, 7, 34, 5, 14, 26]


       ‖ S_mob   S_mob
========================
F_mob  ‖ m       <       
------------------------
S_mob  ‖         <       

Vertical_support: 0.528
Indices_supporting: [17, 23, 6, 0, 22, 3, 23, 11, 27, 17, 7, 28, 2, 20, 27, 4, 13, 17, 22, 13, 18, 27, 8, 27, 24, 26, 35, 3, 0]


       ‖ F_mob   F_mob
========================
F_mob  ‖ <       <       
------------------------
F_mob  ‖         <       

Vertical_support: 0.528
Indices_supporting: [1, 1, 24, 1, 23, 12, 17, 14, 5, 24, 4, 24, 23, 27, 33, 35, 35, 16, 27, 0, 6, 33, 32, 2, 9, 34, 24, 27, 16, 32, 16, 27, 22, 12, 1]


       ‖ R_mob   F_mob   R_mob
================================
F_mob  ‖ m       <       <       
--------------------------------
R_mob  ‖         m       <       
--------------------------------
F_mob  ‖                 m       

Vertical_support: 0.528
Indices_supporting: [2, 1, 24, 16, 18, 2, 9, 30, 5, 2, 14, 1, 35, 1, 35, 1, 33, 16, 31, 25, 14, 2, 1, 34, 1, 1, 14, 24, 35, 32, 23, 32, 9, 34, 24, 23, 23, 5, 1, 27, 24, 26, 12, 12, 18, 31]


       ‖ N_tib
================
S_mob  ‖ m       

Vertical_support: 0.528
Indices_supporting: [26, 24, 20, 12, 0, 18, 0, 27, 14, 17, 8, 10, 9, 23, 28, 8, 5, 4, 20, 16, 17, 10, 10, 27, 28, 12, 8, 5, 23, 10, 3, 22, 26, 12]


       ‖ F_mob   R_mob
========================
S_mob  ‖ <       <       
------------------------
F_mob  ‖         m       

Vertical_support: 0.528
Indices_supporting: [12, 7, 8, 15, 26, 2, 17, 5, 31, 23, 30, 6, 35, 3, 6, 22, 23, 24, 27, 34, 33]


       ‖ F_mob   F_mob
========================
S_mob  ‖ m       <       
------------------------
F_mob  ‖         <       

Vertical_support: 0.528
Indices_supporting: [18, 30, 23, 23, 2, 17, 4, 5, 27, 33, 1, 35, 17, 0, 35, 32, 27, 0, 6, 16, 9, 22, 3, 2, 26, 27, 32, 27]


       ‖ F_mob   S_mob
========================
S_mob  ‖ m       <       
------------------------
F_mob  ‖         m       

Vertical_support: 0.528
Indices_supporting: [17, 6, 0, 3, 31, 20, 29, 10, 27, 17, 2, 27, 17, 21, 4, 13, 20, 17, 26, 22, 27, 8, 27, 24, 35, 3, 28, 0]


       ‖ R_mob   S_mob
========================
R_mob  ‖ <       <       
------------------------
R_mob  ‖         m       

Vertical_support: 0.5
Indices_supporting: [34, 25, 31, 28, 24, 22, 5, 23, 14, 26, 9, 5, 33, 35, 1, 13, 3, 9, 8, 30]


       ‖ S_mob   R_mob
========================
N_tib  ‖ <       <       
------------------------
S_mob  ‖         m       

Vertical_support: 0.5
Indices_supporting: [28, 28, 18, 33, 4, 7, 22, 23, 6, 28, 22, 18, 8, 22, 23, 26, 25, 13, 24, 9, 24, 11, 8, 20, 7, 7, 6, 5, 14, 26]


       ‖ F_mob
================
N_tib  ‖ m       

Vertical_support: 0.5
Indices_supporting: [12, 12, 11, 16, 33, 20, 9, 6, 21, 3, 3, 34, 23, 27, 26, 29, 6, 12, 0, 3, 16, 25, 22, 9, 12, 26, 6, 8]


       ‖ R_mob   F_mob
========================
N_tib  ‖ m       <       
------------------------
R_mob  ‖         m       

Vertical_support: 0.5
Indices_supporting: [10, 12, 2, 8, 30, 0, 33, 1, 14, 18, 31, 16, 14, 5, 29, 7, 31, 24, 14, 27, 30, 22, 7]


       ‖ S_mob
================
N_tib  ‖ m       

Vertical_support: 0.5
Indices_supporting: [28, 17, 32, 13, 28, 8, 21, 11, 5, 21, 9, 6, 2, 8, 21, 20, 11, 26, 12, 25, 14, 35, 10, 28, 8]
