104 TIRPs, 553s

      ‖ N_se
==============
N_se  ‖ <      

Vertical_support: 1.0
Indices_supporting: [30, 26, 26, 0, 18, 2, 15, 24, 7, 7, 3, 16, 16, 21, 30, 4, 34, 1, 22, 7, 1, 16, 25, 19, 32, 28, 2, 2, 11, 7, 16, 16, 18, 4, 2, 14, 32, 6, 25, 34, 11, 11, 30, 15, 24, 22, 33, 31, 3, 12, 14, 8, 21, 23, 17, 1, 25, 3, 10, 8, 16, 12, 25, 22, 4, 4, 32, 11, 31, 5, 7, 3, 14, 2, 11, 9, 22, 31, 31, 1, 23, 6, 17, 15, 24, 35, 0, 2, 16, 20, 25, 34, 12, 17, 26, 26, 35, 35, 31, 5, 3, 1, 14, 10, 21, 23, 4, 32, 15, 24, 3, 3, 34, 25, 8, 21, 17, 30, 7, 9, 16, 25, 27, 1, 14, 6, 15, 11, 20, 7, 7, 16, 12, 25, 4, 0, 9, 13, 22, 22, 5, 14, 6, 2, 34, 11, 16, 3, 8, 17, 17, 17, 31, 5, 14, 1, 19, 28, 2, 34, 24, 20, 20, 33, 12, 12, 12, 25, 21, 17, 30, 0, 32, 9, 18, 24, 22, 10, 6, 6, 15, 24, 33, 7, 7, 30, 27, 4, 4, 34, 1, 32, 17, 13, 22, 24, 31, 5, 1, 14, 10, 23, 28, 28, 6, 2, 2, 2, 7, 20, 22, 18, 29, 25, 27, 3, 1, 14, 30, 5, 4, 17, 22, 35, 3, 12, 25, 21, 21, 30, 13, 18, 11, 22, 31, 33, 12, 17, 28, 24, 34, 11, 16, 25, 27, 23, 26, 5, 3, 10, 23, 19, 32, 2, 11, 11, 22, 22, 31, 12, 14, 21, 30, 2, 5, 20, 4, 17, 17, 13, 26, 35, 4, 32, 6, 24, 20, 33, 7, 1, 3, 10, 12, 12, 25, 19, 17, 28, 30, 26, 35, 0, 34, 11, 9, 20, 22, 18, 27, 27, 1, 10, 6, 28, 2, 7, 7, 3, 16, 32, 4, 34, 34, 34, 8, 17, 17, 26, 22, 35, 18, 5, 18, 1, 14, 27, 10, 28, 9, 7, 16, 20, 29, 3, 12, 8, 4, 30, 26, 0, 18, 14, 27, 13, 32, 6, 15, 20, 29, 7, 7, 3, 16, 12, 12, 25, 17, 30, 26, 4, 35, 0, 34, 32, 18, 31, 23, 6, 32, 15, 28, 33, 11, 7, 16, 12, 22, 4, 34, 34, 17, 17, 26, 35, 31, 31, 1, 14, 14, 27, 10, 23, 23, 1, 32, 28, 6, 2, 11, 7, 15, 24, 20, 33, 3, 12]


       ‖ N_se
===============
R_mob  ‖ <      

Vertical_support: 0.972
Indices_supporting: [4, 20, 34, 1, 16, 30, 33, 26, 26, 1, 0, 17, 20, 10, 9, 12, 25, 25, 18, 30, 12, 26, 5, 1, 34, 14, 11, 35, 10, 9, 23, 20, 26, 26, 35, 35, 31, 28, 28, 6, 3, 2, 2, 1, 5, 18, 22, 7, 21, 23, 23, 24, 1, 10, 7, 7, 6, 3, 20, 22, 18, 32, 29, 28, 21, 3, 1, 30, 7, 4, 7, 3, 24, 1, 16, 30, 3, 34, 8, 5, 4, 22, 34, 34, 34, 8, 1, 16, 9, 26, 16, 18, 32, 35, 35, 25, 5, 2, 2, 1, 18, 14, 27, 10, 7, 27, 22, 16, 16, 14, 35, 28, 6, 18, 9, 25, 7, 4, 16, 7, 7, 20, 16, 12, 29, 25, 3, 18, 11, 8, 22, 4, 31, 30, 9, 26, 13, 12, 6, 25, 22, 22, 18, 17, 34, 11, 28, 30, 5, 15, 14, 11, 34, 24, 22, 33, 32, 31, 3, 2, 15, 12, 11, 34, 21, 23, 23, 29, 7, 3, 16, 12, 12, 25, 26, 30, 26, 5, 1, 35, 0, 32, 23, 25, 32, 31, 10, 18, 14, 11, 31, 0, 23, 22, 22, 16, 32, 34, 28, 22, 33, 12, 11, 14, 7, 21, 24, 20, 20, 30, 32, 29, 22, 12, 11, 25, 4, 21, 34, 31, 30, 34, 5, 7, 3, 0, 14, 17, 32, 26, 22, 24, 4, 1, 17, 14, 13, 10, 9, 23, 23, 26, 1, 0, 32, 28, 10, 6, 6, 22, 2, 31, 11, 31, 24, 33, 15, 7, 4, 7, 23, 24, 33, 32, 24, 6, 35, 2, 30, 12, 27, 24]


       ‖ S_mob
================
F_mob  ‖ <       

Vertical_support: 0.972
Indices_supporting: [21, 33, 3, 13, 2, 27, 23, 11, 3, 32, 25, 17, 12, 23, 35, 13, 10, 9, 22, 18, 31, 34, 24, 33, 24, 16, 27, 7, 0, 17, 7, 32, 14, 17, 10, 5, 35, 33, 4, 1, 4, 6, 3, 15, 9, 6, 25, 34, 30, 12, 22, 9, 5, 18, 31, 27, 26, 14, 29, 5, 8, 27, 27, 33, 28, 3, 0, 8, 29, 26, 24, 22, 22, 0, 1, 17, 7, 9, 15, 20, 32, 15, 24]


      ‖ N_se   N_se
=====================
N_se  ‖ <      <      
---------------------
N_se  ‖        <      

Vertical_support: 0.972
Indices_supporting: [4, 4, 20, 34, 16, 1, 33, 26, 26, 3, 1, 17, 20, 12, 12, 10, 22, 19, 34, 17, 30, 28, 12, 26, 5, 0, 17, 11, 10, 26, 26, 20, 2, 31, 28, 6, 3, 2, 2, 22, 5, 14, 10, 7, 21, 1, 10, 7, 7, 4, 3, 22, 16, 6, 32, 20, 28, 29, 27, 21, 3, 2, 1, 30, 14, 7, 7, 4, 3, 34, 16, 30, 1, 3, 3, 34, 8, 22, 21, 4, 5, 34, 34, 30, 17, 8, 17, 16, 17, 26, 7, 22, 19, 16, 2, 18, 4, 1, 17, 11, 10, 7, 22, 16, 16, 1, 28, 6, 12, 25, 11, 7, 21, 4, 20, 16, 7, 7, 20, 16, 12, 25, 3, 12, 11, 4, 4, 0, 31, 30, 26, 13, 12, 6, 22, 22, 18, 34, 14, 28, 30, 11, 11, 17, 5, 34, 11, 24, 22, 32, 31, 25, 3, 34, 14, 11, 12, 27, 21, 20, 16, 29, 7, 7, 3, 16, 12, 26, 12, 3, 17, 30, 5, 4, 3, 34, 17, 17, 17, 3, 32, 10, 8, 31, 11, 19, 28, 23, 6, 22, 2, 16, 32, 34, 31, 28, 22, 12, 11, 24, 7, 21, 4, 20, 16, 20, 12, 22, 12, 12, 11, 12, 21, 4, 17, 31, 30, 7, 5, 3, 0, 17, 17, 20, 26, 31, 31, 22, 4, 1, 17, 14, 11, 17, 10, 27, 23, 23, 13, 1, 28, 10, 6, 6, 22, 31, 11, 31, 15, 7, 7, 4, 6, 17, 32, 6, 3, 2, 35, 30, 12, 24]


      ‖ S_mob
===============
N_se  ‖ <       

Vertical_support: 0.972
Indices_supporting: [21, 33, 3, 35, 13, 2, 18, 35, 2, 27, 23, 24, 22, 11, 16, 3, 32, 25, 8, 17, 26, 7, 21, 0, 12, 18, 23, 35, 13, 10, 22, 31, 22, 34, 27, 33, 24, 16, 2, 7, 0, 17, 32, 5, 14, 0, 17, 10, 5, 35, 7, 28, 25, 33, 4, 4, 1, 4, 6, 3, 17, 15, 9, 6, 8, 34, 30, 20, 12, 26, 22, 25, 5, 18, 31, 28, 27, 26, 23, 13, 20, 28, 8, 27, 33, 28, 3, 0, 20, 33, 29, 26, 24, 9, 6, 22, 22, 0, 14, 5, 1, 17, 7, 9, 2, 15, 14, 28, 30, 20, 13, 32, 18, 15, 11, 8, 7]


      ‖ R_mob
===============
N_se  ‖ <       

Vertical_support: 0.972
Indices_supporting: [17, 26, 6, 5, 18, 34, 14, 8, 5, 1, 13, 25, 14, 11, 23, 1, 30, 14, 32, 28, 33, 13, 12, 12, 25, 33, 30, 12, 24, 4, 23, 20, 14, 0, 16, 9, 25, 5, 14, 31, 27, 23, 1, 1, 10, 6, 25, 34, 14, 28, 7, 1, 32, 31, 7, 3, 2, 2, 22, 12, 11, 28, 24, 24, 18, 30, 29, 24, 6, 32, 26, 33, 9, 8, 5, 24, 18, 17, 34, 1, 6, 25, 22, 35, 34, 31, 31, 26, 2, 4, 23, 2, 16, 32, 32, 24, 15, 27, 34, 33, 30, 33, 2, 32, 32, 25, 21, 18, 35, 33, 27, 7, 9, 26, 35, 0, 34, 35, 35, 12, 6, 22, 22, 1, 34, 14, 1, 10, 7, 3, 2, 30, 24, 7, 24, 1, 16, 8, 1, 35, 0, 16, 26, 23, 5, 18, 34, 31, 23, 35, 13, 25, 5, 22, 16, 18, 25, 27, 24, 23, 33, 14, 2, 16, 35, 12, 14, 9]


       ‖ F_mob
================
S_mob  ‖ <       

Vertical_support: 0.972
Indices_supporting: [18, 17, 0, 22, 30, 23, 12, 31, 27, 5, 33, 32, 12, 23, 35, 6, 14, 26, 5, 27, 31, 27, 0, 15, 1, 33, 20, 0, 13, 25, 34, 30, 17, 11, 27, 26, 23, 31, 9, 2, 18, 2, 27, 23, 5, 14, 23, 35, 15, 7, 24, 33, 20, 0, 0, 34, 8, 4, 18, 17, 10, 5, 35, 6, 27, 7, 23, 3, 6, 3, 21, 16, 7, 22, 8, 23, 13, 25, 25, 35, 32, 9, 8, 5, 14, 22, 16, 3, 29, 26, 28]


       ‖ N_se
===============
S_mob  ‖ <      

Vertical_support: 0.972
Indices_supporting: [4, 4, 20, 34, 33, 30, 26, 7, 20, 17, 13, 10, 9, 12, 12, 22, 18, 17, 31, 28, 34, 26, 8, 1, 17, 11, 10, 9, 23, 20, 26, 26, 35, 31, 28, 28, 3, 2, 2, 22, 27, 7, 21, 23, 23, 24, 27, 10, 7, 4, 7, 3, 20, 16, 16, 18, 22, 28, 29, 27, 32, 21, 3, 2, 7, 7, 3, 34, 3, 3, 32, 25, 8, 5, 4, 21, 22, 17, 34, 8, 7, 17, 17, 7, 9, 22, 16, 18, 35, 28, 25, 2, 4, 18, 17, 14, 10, 27, 1, 29, 28, 3, 11, 4, 21, 20, 21, 30, 7, 7, 20, 16, 13, 12, 29, 22, 3, 31, 11, 4, 0, 14, 33, 26, 0, 13, 6, 22, 11, 28, 5, 15, 27, 6, 22, 16, 31, 6, 3, 12, 27, 23, 20, 29, 8, 7, 3, 35, 26, 3, 17, 26, 5, 3, 17, 17, 17, 34, 35, 23, 25, 3, 32, 10, 8, 11, 1, 28, 23, 22, 2, 13, 15, 28, 25, 21, 22, 12, 11, 14, 7, 4, 21, 20, 20, 33, 30, 12, 29, 12, 12, 12, 17, 5, 3, 17, 14, 20, 26, 18, 22, 24, 4, 14, 14, 13, 27, 9, 23, 26, 27, 35, 0, 28, 10, 6, 6, 6, 22, 15, 7, 24, 33, 7, 4, 20, 17, 33, 3, 0]


       ‖ S_mob
================
R_mob  ‖ <       

Vertical_support: 0.944
Indices_supporting: [0, 33, 35, 21, 35, 23, 22, 3, 32, 25, 24, 8, 7, 21, 0, 18, 23, 10, 22, 31, 22, 34, 27, 24, 23, 33, 16, 27, 0, 32, 14, 23, 0, 17, 5, 7, 33, 4, 4, 9, 8, 34, 30, 20, 12, 26, 27, 9, 5, 31, 27, 26, 23, 14, 13, 28, 5, 3, 20, 33, 29, 24, 9, 6, 22, 22, 5, 1, 9, 2, 14, 28, 13, 32, 25, 15, 8]


       ‖ F_mob
================
R_mob  ‖ <       

Vertical_support: 0.944
Indices_supporting: [18, 23, 35, 32, 9, 25, 31, 23, 17, 23, 2, 32, 5, 12, 26, 23, 25, 12, 24, 18, 14, 30, 5, 0, 14, 27, 23, 5, 31, 14, 31, 23, 0, 14, 29, 33, 33, 1, 20, 9, 24, 21, 35, 34, 30, 34, 26, 35, 35, 9, 23, 1, 17, 10, 23, 15, 32, 2, 1, 18, 7, 24, 24, 24, 1, 32, 20, 16, 24, 18, 12, 8, 14, 16, 13, 2, 18, 34, 1, 1, 6, 5, 27, 14, 7, 1, 16, 6, 3, 9, 7, 22, 24, 33, 30, 8, 4, 25, 8, 5, 34, 24, 22, 33, 35, 34, 2, 1, 8, 7, 27, 27, 3, 16, 26, 25, 28, 21, 12]


       ‖ S_mob
================
F_mob  ‖ m       

Vertical_support: 0.944
Indices_supporting: [0, 33, 3, 2, 18, 21, 35, 2, 27, 23, 16, 3, 15, 32, 17, 7, 21, 0, 18, 13, 10, 27, 23, 16, 27, 2, 0, 17, 32, 32, 14, 13, 23, 0, 17, 6, 35, 7, 33, 4, 4, 3, 17, 9, 6, 8, 34, 20, 12, 26, 27, 22, 25, 5, 31, 27, 23, 28, 8, 27, 0, 20, 29, 24, 6, 22, 22, 5, 17, 9, 2, 14, 30, 13, 32, 25, 11, 8, 24]


       ‖ N_se
===============
F_mob  ‖ <      

Vertical_support: 0.944
Indices_supporting: [4, 34, 1, 16, 30, 32, 26, 7, 1, 3, 20, 12, 9, 22, 17, 34, 30, 12, 26, 5, 35, 0, 14, 17, 34, 26, 23, 2, 35, 35, 32, 31, 6, 5, 2, 2, 1, 2, 18, 22, 10, 24, 23, 23, 27, 27, 1, 10, 7, 4, 6, 3, 20, 16, 16, 32, 29, 27, 3, 1, 15, 14, 30, 7, 4, 7, 3, 24, 1, 16, 3, 3, 32, 22, 4, 21, 17, 34, 8, 7, 17, 16, 7, 9, 25, 22, 26, 35, 32, 5, 2, 2, 1, 4, 14, 17, 27, 10, 7, 27, 1, 16, 14, 16, 6, 18, 12, 9, 25, 4, 21, 16, 7, 20, 16, 13, 29, 25, 3, 18, 12, 8, 22, 0, 30, 9, 26, 0, 32, 13, 12, 6, 22, 18, 17, 34, 11, 30, 5, 15, 34, 24, 6, 22, 33, 13, 32, 25, 3, 2, 34, 12, 14, 27, 21, 23, 20, 23, 16, 29, 7, 7, 3, 16, 12, 12, 25, 3, 8, 5, 1, 3, 17, 17, 34, 32, 23, 25, 3, 32, 31, 8, 5, 2, 14, 31, 0, 1, 23, 6, 22, 2, 34, 31, 33, 11, 7, 24, 20, 16, 30, 32, 29, 33, 2, 12, 12, 11, 12, 25, 17, 34, 30, 7, 3, 0, 17, 17, 20, 32, 9, 26, 35, 22, 2, 4, 1, 17, 17, 11, 24, 10, 26, 23, 23, 27, 1, 35, 32, 10, 6, 6, 2, 15, 31, 11, 31, 7, 1, 7, 4, 7, 23, 24, 33, 32, 24, 6, 3, 2, 30, 12, 24]


      ‖ F_mob
===============
N_se  ‖ <       

Vertical_support: 0.944
Indices_supporting: [23, 17, 35, 0, 32, 9, 8, 25, 31, 30, 23, 17, 22, 32, 32, 6, 12, 31, 24, 23, 32, 8, 5, 27, 0, 16, 17, 32, 12, 26, 33, 25, 35, 12, 9, 6, 24, 18, 14, 30, 26, 5, 14, 23, 5, 2, 31, 5, 14, 14, 31, 23, 6, 15, 14, 1, 33, 33, 4, 1, 3, 20, 16, 13, 9, 25, 25, 24, 21, 35, 0, 34, 30, 12, 2, 17, 34, 11, 27, 26, 35, 35, 31, 9, 9, 2, 2, 18, 18, 27, 23, 1, 1, 14, 17, 10, 27, 23, 32, 2, 2, 18, 11, 7, 24, 24, 24, 1, 32, 20, 16, 18, 34, 12, 8, 4, 1, 14, 16, 13, 2, 18, 17, 34, 34, 10, 27, 5, 1, 1, 6, 5, 27, 24, 2, 1, 15, 14, 27, 7, 23, 3, 1, 16, 6, 3, 3, 6, 16, 21, 9, 7, 24, 33, 30, 4, 13, 12, 25, 25, 35, 32, 34, 30, 9, 8, 5, 34, 14, 24, 22, 33, 31, 22, 35, 34, 2, 1, 16, 8, 7, 27, 3, 16, 16, 32, 26, 25, 28, 21, 3, 12]


       ‖ F_mob
================
S_mob  ‖ m       

Vertical_support: 0.944
Indices_supporting: [23, 17, 0, 9, 31, 6, 4, 0, 17, 26, 23, 25, 9, 6, 24, 30, 0, 14, 27, 5, 0, 29, 33, 20, 16, 21, 2, 17, 27, 35, 9, 2, 27, 23, 17, 10, 27, 32, 2, 7, 32, 20, 25, 18, 12, 8, 24, 4, 13, 2, 1, 5, 18, 32, 27, 24, 15, 16, 3, 3, 15, 33, 8, 4, 35, 0, 34, 27, 7, 22, 33, 1, 8, 27, 3, 26, 28, 9, 21, 3, 12]


       ‖ F_mob
================
R_mob  ‖ m       

Vertical_support: 0.917
Indices_supporting: [18, 9, 35, 32, 8, 22, 25, 30, 23, 17, 22, 32, 32, 34, 12, 31, 24, 33, 23, 2, 32, 8, 5, 27, 16, 33, 32, 12, 33, 35, 12, 18, 14, 26, 5, 23, 2, 31, 27, 5, 14, 14, 31, 23, 32, 6, 15, 14, 1, 33, 4, 1, 3, 0, 9, 25, 25, 24, 35, 0, 34, 30, 12, 34, 11, 26, 23, 35, 31, 9, 2, 18, 18, 5, 1, 1, 14, 23, 35, 15, 2, 1, 18, 11, 24, 24, 24, 1, 33, 0, 0, 16, 24, 34, 1, 14, 16, 18, 17, 34, 34, 10, 27, 5, 1, 35, 6, 2, 1, 14, 27, 7, 23, 3, 1, 6, 6, 21, 16, 9, 7, 22, 24, 30, 23, 13, 12, 25, 25, 32, 34, 30, 9, 8, 5, 8, 14, 24, 31, 35, 34, 2, 16, 27, 7, 16, 16, 32, 29, 25]


       ‖ N_se   N_se
======================
R_mob  ‖ <      <      
----------------------
N_se   ‖        <      

Vertical_support: 0.917
Indices_supporting: [4, 34, 16, 33, 26, 26, 20, 1, 12, 26, 1, 10, 26, 9, 23, 31, 6, 5, 2, 22, 7, 10, 7, 7, 6, 20, 3, 22, 32, 29, 21, 3, 1, 30, 7, 4, 7, 3, 1, 3, 34, 8, 5, 4, 22, 34, 16, 26, 2, 1, 10, 22, 16, 28, 25, 7, 4, 7, 7, 20, 16, 29, 11, 4, 31, 30, 12, 22, 22, 18, 17, 11, 28, 5, 34, 11, 22, 3, 12, 11, 21, 29, 3, 16, 12, 26, 25, 30, 5, 23, 32, 10, 14, 11, 31, 22, 16, 28, 22, 24, 21, 20, 20, 22, 12, 25, 11, 21, 30, 7, 3, 17, 32, 26, 24, 1, 17, 14, 13, 23, 1, 28, 10, 6, 22, 31, 31, 24, 7, 4, 7, 32, 35, 2, 30, 27, 24]


       ‖ R_mob
================
R_mob  ‖ <       

Vertical_support: 0.917
Indices_supporting: [9, 26, 18, 34, 14, 8, 1, 14, 13, 25, 34, 5, 15, 14, 11, 1, 1, 14, 30, 28, 33, 12, 12, 33, 30, 12, 8, 24, 4, 23, 14, 9, 16, 9, 25, 5, 31, 23, 1, 1, 6, 25, 34, 14, 28, 27, 7, 23, 1, 31, 7, 3, 2, 22, 28, 24, 18, 30, 29, 8, 24, 6, 32, 9, 26, 33, 9, 5, 24, 18, 17, 34, 22, 1, 32, 6, 25, 22, 34, 26, 2, 23, 32, 32, 24, 34, 30, 32, 25, 18, 35, 33, 7, 26, 35, 0, 34, 35, 35, 6, 22, 1, 34, 14, 10, 7, 31, 3, 2, 24, 7, 24, 1, 16, 8, 1, 35, 16, 26, 23, 5, 18, 15, 31, 34, 23, 35, 5, 22, 16, 18, 18, 25, 24, 23, 33, 14, 2, 16, 35, 12, 33, 14, 9]


       ‖ F_mob
================
F_mob  ‖ <       

Vertical_support: 0.917
Indices_supporting: [18, 23, 17, 9, 35, 0, 32, 9, 8, 25, 31, 17, 22, 32, 32, 6, 34, 33, 23, 2, 32, 27, 0, 16, 33, 32, 12, 23, 12, 9, 6, 24, 18, 30, 26, 5, 14, 27, 23, 5, 2, 31, 5, 14, 14, 31, 23, 32, 6, 0, 14, 29, 1, 33, 1, 3, 16, 9, 24, 21, 35, 0, 34, 30, 12, 2, 17, 34, 27, 26, 23, 35, 35, 9, 2, 2, 18, 27, 23, 1, 1, 17, 10, 27, 23, 35, 32, 2, 1, 18, 11, 7, 24, 24, 1, 33, 32, 0, 16, 25, 24, 12, 8, 24, 4, 14, 16, 13, 2, 34, 34, 27, 5, 1, 5, 18, 32, 27, 1, 14, 27, 23, 1, 16, 6, 3, 3, 6, 16, 15, 9, 7, 22, 24, 30, 4, 13, 12, 35, 32, 34, 30, 9, 8, 5, 0, 34, 27, 24, 22, 33, 31, 22, 35, 34, 2, 1, 8, 7, 27, 27, 3, 16, 16, 32, 25, 21, 3]


       ‖ R_mob
================
F_mob  ‖ m       

Vertical_support: 0.889
Indices_supporting: [9, 6, 5, 18, 34, 14, 5, 1, 25, 34, 5, 11, 23, 1, 1, 14, 30, 32, 33, 12, 12, 30, 12, 8, 24, 23, 9, 35, 0, 16, 9, 31, 23, 1, 1, 6, 25, 34, 14, 27, 7, 1, 32, 31, 3, 2, 2, 24, 24, 18, 30, 29, 8, 24, 6, 32, 5, 24, 17, 34, 22, 1, 32, 35, 31, 26, 2, 33, 7, 4, 23, 2, 16, 32, 32, 24, 15, 27, 33, 30, 2, 32, 32, 9, 25, 21, 18, 35, 33, 27, 9, 26, 35, 0, 34, 35, 12, 22, 1, 34, 14, 1, 10, 31, 3, 2, 7, 18, 1, 16, 1, 35, 0, 16, 26, 23, 15, 31, 34, 25, 5, 16, 18, 25, 27, 24, 23, 33, 14, 2, 16, 35, 12, 33, 14, 9, 8]


       ‖ R_mob
================
S_mob  ‖ m       

Vertical_support: 0.889
Indices_supporting: [27, 17, 24, 31, 30, 0, 10, 26, 28, 24, 11, 8, 14, 15, 34, 8, 14, 21, 13, 20, 23, 26, 33, 35, 7, 5, 22, 12, 11, 28, 31, 15, 5, 14, 18, 7, 23, 28, 16, 35, 13, 9, 23, 13, 26, 22, 28, 18, 6, 25, 22, 29, 9, 33, 8, 33, 35, 18, 4, 20, 14, 22, 0, 7, 3, 6, 25, 22, 25, 5, 14]


       ‖ R_mob
================
S_mob  ‖ <       

Vertical_support: 0.889
Indices_supporting: [5, 5, 13, 14, 23, 33, 30, 32, 28, 12, 12, 33, 8, 24, 4, 20, 14, 0, 9, 23, 6, 34, 28, 27, 7, 1, 32, 3, 2, 22, 28, 24, 18, 30, 6, 9, 26, 9, 17, 22, 35, 26, 7, 4, 2, 16, 32, 15, 27, 33, 2, 9, 21, 33, 9, 35, 35, 34, 12, 14, 1, 3, 24, 7, 24, 18, 16, 8, 0, 26, 23, 15, 31, 23, 13, 25, 5, 18, 25, 27, 23, 33, 8]


       ‖ N_se   N_se
======================
F_mob  ‖ <      <      
----------------------
N_se   ‖        <      

Vertical_support: 0.861
Indices_supporting: [4, 1, 26, 3, 20, 22, 34, 17, 30, 12, 5, 17, 2, 6, 22, 5, 2, 1, 10, 16, 16, 3, 30, 14, 7, 3, 1, 16, 3, 32, 3, 22, 4, 21, 34, 17, 17, 26, 7, 22, 35, 2, 4, 2, 10, 7, 16, 12, 25, 4, 21, 16, 7, 20, 16, 29, 25, 12, 30, 26, 13, 12, 22, 18, 30, 5, 22, 32, 3, 34, 12, 23, 20, 16, 29, 7, 7, 3, 16, 12, 12, 3, 3, 34, 17, 23, 8, 31, 23, 2, 31, 11, 7, 24, 32, 12, 17, 30, 7, 3, 20, 17, 17, 0, 26, 22, 4, 1, 17, 11, 27, 10, 23, 1, 6, 31, 11, 7, 4, 7, 32, 6, 2]


       ‖ R_mob
================
F_mob  ‖ <       

Vertical_support: 0.861
Indices_supporting: [17, 9, 26, 18, 34, 14, 8, 1, 14, 13, 5, 23, 1, 1, 32, 13, 25, 33, 30, 12, 4, 23, 20, 0, 16, 25, 5, 31, 23, 1, 1, 0, 25, 34, 27, 7, 23, 32, 31, 7, 2, 2, 11, 28, 24, 30, 24, 9, 26, 33, 5, 24, 1, 32, 6, 25, 22, 35, 34, 26, 2, 23, 2, 16, 32, 32, 27, 21, 18, 7, 9, 26, 35, 35, 12, 6, 34, 14, 2, 24, 1, 16, 1, 35, 16, 23, 18, 23, 35, 13, 24, 23, 33, 14, 2, 12, 33, 14, 9]


      ‖ N_se   F_mob
======================
N_se  ‖ <      <       
-----------------------
N_se  ‖        <       

Vertical_support: 0.861
Indices_supporting: [17, 35, 25, 31, 17, 32, 31, 12, 23, 5, 0, 16, 12, 26, 12, 6, 14, 30, 26, 14, 5, 31, 14, 31, 23, 6, 33, 4, 1, 3, 20, 16, 24, 21, 0, 34, 2, 17, 11, 2, 17, 10, 27, 23, 32, 11, 24, 7, 1, 20, 16, 34, 12, 8, 4, 16, 13, 2, 34, 17, 10, 27, 7, 23, 16, 1, 6, 3, 16, 7, 24, 30, 4, 12, 34, 30, 8, 5, 24, 22, 22, 34, 16, 1, 7, 3, 16, 16, 28, 21, 3]


       ‖ N_se   N_se
======================
S_mob  ‖ <      <      
----------------------
N_se   ‖        <      

Vertical_support: 0.861
Indices_supporting: [4, 4, 20, 34, 26, 20, 17, 13, 12, 22, 34, 17, 31, 28, 26, 17, 11, 10, 26, 9, 20, 28, 3, 2, 21, 7, 4, 7, 22, 3, 16, 18, 29, 28, 27, 21, 3, 7, 3, 3, 3, 5, 17, 34, 8, 17, 17, 7, 9, 22, 16, 4, 18, 17, 10, 1, 11, 4, 21, 20, 21, 7, 7, 20, 29, 11, 4, 0, 22, 28, 22, 6, 3, 12, 27, 20, 29, 7, 26, 35, 17, 3, 23, 3, 10, 8, 28, 23, 2, 28, 25, 22, 12, 11, 21, 20, 20, 30, 12, 12, 12, 17, 20, 17, 3, 26, 22, 4, 14, 13, 23, 28, 10, 6, 6, 22, 7, 4, 17, 3]


       ‖ F_mob   R_mob
========================
R_mob  ‖ m       <       
------------------------
F_mob  ‖         m       

Vertical_support: 0.833
Indices_supporting: [9, 18, 34, 14, 1, 25, 34, 5, 11, 1, 30, 14, 1, 12, 30, 12, 24, 23, 9, 16, 31, 1, 1, 6, 25, 14, 27, 31, 2, 24, 29, 8, 24, 6, 32, 24, 5, 17, 34, 22, 1, 32, 26, 2, 23, 32, 24, 30, 32, 25, 35, 18, 33, 26, 35, 35, 34, 0, 1, 34, 10, 31, 3, 2, 7, 1, 1, 35, 16, 34, 31, 15, 5, 16, 18, 24, 23, 14, 2, 35, 16, 12, 33, 14, 9]


       ‖ S_mob
================
R_mob  ‖ m       

Vertical_support: 0.833
Indices_supporting: [21, 23, 35, 33, 28, 9, 35, 13, 3, 18, 25, 28, 31, 8, 22, 34, 4, 26, 1, 33, 24, 6, 9, 15, 0, 25, 14, 30, 11, 7, 1, 33, 7, 9, 25, 15, 24, 28, 18, 34, 5, 28, 8, 26, 14, 13, 20, 26, 20, 10, 8, 5, 12, 14, 18, 15, 29, 5, 7]


       ‖ R_mob   N_se
=======================
F_mob  ‖ m       <      
-----------------------
R_mob  ‖         <      

Vertical_support: 0.833
Indices_supporting: [1, 16, 26, 9, 30, 12, 5, 34, 26, 35, 5, 2, 22, 18, 1, 24, 1, 10, 1, 24, 3, 1, 16, 3, 34, 16, 9, 26, 35, 32, 5, 2, 1, 27, 7, 16, 6, 18, 9, 25, 4, 16, 7, 16, 29, 25, 18, 8, 22, 9, 12, 22, 18, 34, 17, 30, 5, 33, 32, 3, 34, 12, 23, 23, 7, 3, 16, 12, 12, 25, 1, 32, 23, 25, 31, 14, 31, 22, 34, 33, 24, 7, 32, 29, 25, 34, 30, 0, 17, 32, 26, 4, 1, 10, 26, 23, 1, 32, 31, 11, 31, 24, 23, 7, 4, 32, 24, 6, 2, 12]


       ‖ S_mob   F_mob
========================
N_se   ‖ <       <       
------------------------
S_mob  ‖         m       

Vertical_support: 0.833
Indices_supporting: [30, 17, 17, 27, 16, 10, 14, 0, 32, 5, 3, 3, 9, 31, 7, 32, 4, 20, 35, 18, 12, 33, 8, 34, 4, 13, 22, 33, 16, 6, 20, 21, 2, 2, 17, 1, 8, 0, 1, 3, 35, 26, 28, 21, 3, 2, 27, 12, 27, 23]


       ‖ F_mob   N_se
=======================
R_mob  ‖ m       <      
-----------------------
F_mob  ‖         <      

Vertical_support: 0.806
Indices_supporting: [34, 16, 1, 5, 35, 34, 14, 23, 35, 35, 6, 22, 2, 5, 1, 23, 23, 7, 6, 3, 32, 3, 1, 30, 24, 4, 7, 3, 7, 1, 22, 4, 34, 8, 16, 35, 5, 2, 2, 1, 14, 27, 27, 16, 14, 25, 16, 3, 30, 9, 6, 22, 17, 34, 15, 24, 22, 33, 3, 2, 12, 21, 16, 12, 25, 5, 1, 32, 32, 31, 31, 14, 0, 33, 24, 30, 12, 25, 11, 34, 30, 7, 3, 32, 26, 24, 1, 17, 23, 1, 2, 31, 31, 24, 7, 33, 24, 2, 30, 24]


       ‖ R_mob   F_mob
========================
N_se   ‖ <       <       
------------------------
R_mob  ‖         m       

Vertical_support: 0.806
Indices_supporting: [35, 30, 17, 22, 12, 31, 23, 32, 27, 5, 33, 16, 32, 12, 12, 18, 14, 26, 5, 23, 31, 14, 14, 31, 23, 1, 33, 1, 3, 9, 24, 35, 0, 34, 30, 26, 35, 2, 1, 1, 23, 2, 11, 24, 24, 24, 1, 16, 34, 14, 16, 18, 34, 34, 17, 27, 10, 5, 6, 1, 14, 27, 7, 23, 1, 6, 6, 16, 24, 7, 13, 12, 25, 32, 34, 8, 5, 14, 24, 31, 35, 34, 7, 16, 16, 32]


       ‖ S_mob
================
S_mob  ‖ <       

Vertical_support: 0.806
Indices_supporting: [21, 0, 3, 35, 13, 21, 35, 2, 27, 23, 22, 11, 24, 8, 17, 26, 23, 13, 10, 9, 22, 18, 22, 24, 27, 7, 0, 17, 33, 7, 23, 8, 35, 7, 28, 4, 4, 3, 17, 6, 25, 20, 27, 26, 22, 9, 31, 28, 27, 23, 14, 13, 20, 14, 28, 8, 27, 27, 33, 28, 3, 0, 20, 33, 29, 26, 9, 0, 14, 5, 17, 14, 28, 20, 25, 15, 8, 24]


       ‖ F_mob   F_mob
========================
R_mob  ‖ m       <       
------------------------
F_mob  ‖         <       

Vertical_support: 0.778
Indices_supporting: [23, 35, 32, 9, 25, 31, 17, 23, 2, 32, 12, 23, 12, 24, 18, 30, 5, 14, 27, 23, 5, 31, 31, 14, 23, 0, 14, 33, 1, 9, 24, 35, 34, 34, 35, 35, 23, 1, 17, 23, 32, 2, 18, 1, 24, 24, 7, 1, 32, 16, 24, 12, 8, 16, 14, 13, 2, 34, 1, 5, 27, 14, 16, 1, 6, 3, 9, 22, 24, 30, 4, 34, 24, 22, 33, 35, 34, 2, 1, 8, 27, 27, 7, 3, 16, 25, 21]


       ‖ N_se   F_mob
=======================
R_mob  ‖ <      <       
-----------------------
N_se   ‖        <       

Vertical_support: 0.778
Indices_supporting: [30, 23, 17, 5, 7, 1, 16, 23, 35, 32, 5, 6, 32, 25, 31, 31, 7, 23, 30, 31, 7, 1, 23, 4, 16, 5, 34, 33, 8, 16, 1, 20, 22, 13, 32, 24, 34, 34, 2, 34, 1, 7, 12, 26, 16, 3, 28, 25, 21, 24, 18, 14]


      ‖ N_se   S_mob
======================
N_se  ‖ <      <       
-----------------------
N_se  ‖        <       

Vertical_support: 0.778
Indices_supporting: [21, 8, 35, 27, 7, 13, 3, 10, 35, 22, 3, 0, 28, 22, 20, 34, 4, 2, 4, 29, 27, 4, 3, 17, 6, 16, 22, 34, 30, 11, 5, 20, 16, 12, 26, 1, 17, 22, 3, 17, 7, 32, 14, 28, 30, 31, 28, 26, 17, 20, 17, 7, 13, 21, 10, 20, 5, 28, 12, 11, 7]


      ‖ N_se   R_mob
======================
N_se  ‖ <      <       
-----------------------
N_se  ‖        <       

Vertical_support: 0.778
Indices_supporting: [17, 26, 6, 34, 14, 5, 11, 23, 1, 33, 14, 28, 12, 12, 30, 12, 4, 20, 14, 16, 5, 14, 1, 6, 34, 28, 7, 31, 7, 3, 2, 2, 22, 12, 28, 11, 24, 24, 6, 26, 24, 5, 18, 34, 17, 1, 6, 22, 31, 26, 4, 23, 16, 32, 32, 27, 34, 30, 2, 32, 21, 18, 35, 7, 26, 35, 34, 12, 6, 22, 1, 34, 1, 10, 7, 3, 2, 7, 16, 1, 16, 26, 31, 22, 5, 16, 23, 16, 12]


       ‖ F_mob   S_mob
========================
N_se   ‖ <       <       
------------------------
F_mob  ‖         m       

Vertical_support: 0.778
Indices_supporting: [8, 35, 27, 7, 13, 3, 10, 0, 20, 4, 2, 27, 24, 27, 4, 17, 6, 9, 6, 16, 34, 5, 20, 12, 17, 17, 26, 32, 22, 3, 9, 32, 5, 14, 31, 23, 14, 17, 7, 21, 28, 18, 8, 24]


       ‖ F_mob   R_mob
========================
N_se   ‖ <       <       
------------------------
F_mob  ‖         m       

Vertical_support: 0.778
Indices_supporting: [5, 18, 34, 14, 5, 1, 25, 11, 23, 33, 30, 1, 12, 30, 12, 24, 16, 9, 23, 25, 34, 14, 7, 31, 3, 2, 2, 24, 18, 24, 6, 32, 24, 5, 17, 1, 35, 23, 16, 32, 32, 24, 27, 33, 30, 2, 25, 21, 35, 18, 33, 9, 26, 35, 34, 12, 22, 1, 34, 14, 10, 3, 2, 7, 1, 1, 0, 16, 26, 31, 5, 16, 25, 24, 23, 33, 14, 2, 16, 12, 14]


       ‖ R_mob   F_mob
========================
S_mob  ‖ m       <       
------------------------
R_mob  ‖         m       

Vertical_support: 0.778
Indices_supporting: [5, 7, 14, 3, 15, 21, 6, 22, 27, 7, 30, 24, 23, 23, 13, 0, 25, 25, 15, 34, 8, 31, 5, 12, 14, 0, 25, 18, 17, 10, 16, 5, 11, 26, 23, 33, 35, 6, 31, 29, 35, 18, 14]


       ‖ R_mob   F_mob
========================
F_mob  ‖ m       <       
------------------------
R_mob  ‖         m       

Vertical_support: 0.75
Indices_supporting: [18, 9, 35, 32, 25, 8, 17, 22, 32, 32, 33, 23, 2, 32, 27, 33, 16, 32, 12, 12, 18, 26, 5, 23, 2, 31, 5, 14, 14, 31, 23, 32, 6, 14, 1, 33, 1, 3, 9, 24, 35, 0, 34, 30, 12, 34, 35, 9, 2, 18, 1, 1, 23, 35, 2, 18, 1, 11, 24, 24, 1, 33, 0, 16, 24, 14, 16, 34, 34, 27, 5, 1, 1, 14, 27, 23, 1, 6, 16, 9, 24, 22, 30, 12, 32, 34, 30, 9, 8, 24, 31, 35, 34, 2, 27, 7, 16, 16, 32, 25]


       ‖ F_mob   N_se
=======================
N_se   ‖ <       <      
-----------------------
F_mob  ‖         <      

Vertical_support: 0.75
Indices_supporting: [4, 34, 8, 16, 24, 16, 1, 22, 12, 3, 17, 12, 17, 17, 5, 14, 20, 10, 17, 34, 7, 17, 16, 14, 34, 7, 16, 31, 12, 25, 21, 21, 1, 24, 17, 23, 34, 1, 35, 16, 7, 6, 3, 3, 20, 10, 32, 3, 27, 31, 31, 7, 4, 3, 1, 7, 0, 33, 6, 3, 2, 17, 30, 4, 17]


       ‖ R_mob   N_se
=======================
N_se   ‖ <       <      
-----------------------
R_mob  ‖         <      

Vertical_support: 0.75
Indices_supporting: [5, 12, 34, 1, 24, 16, 16, 17, 32, 31, 10, 12, 3, 30, 12, 18, 1, 23, 5, 10, 26, 34, 32, 28, 3, 16, 8, 6, 12, 35, 5, 2, 4, 22, 4, 24, 14, 16, 17, 1, 23, 7, 1, 16, 7, 7, 6, 22, 10, 31, 11, 31, 1, 31, 33, 24, 7, 3, 26, 1, 4, 16, 33, 13, 22, 6, 34, 22, 22, 34, 12, 34]


       ‖ R_mob   N_se
=======================
S_mob  ‖ m       <      
-----------------------
R_mob  ‖         <      

Vertical_support: 0.75
Indices_supporting: [5, 11, 20, 34, 8, 15, 21, 20, 26, 12, 30, 17, 31, 10, 16, 12, 18, 3, 12, 18, 5, 11, 10, 26, 26, 20, 9, 28, 26, 28, 26, 3, 22, 26, 14, 21, 13, 23, 23, 35, 7, 7, 7, 22, 3, 18, 6, 22, 10, 28, 6, 21, 11, 24, 33, 7, 3, 26, 33, 13, 22, 22, 6, 22, 28, 8, 5, 28, 34]


       ‖ F_mob   N_se
=======================
S_mob  ‖ m       <      
-----------------------
F_mob  ‖         <      

Vertical_support: 0.75
Indices_supporting: [4, 30, 20, 20, 9, 7, 22, 9, 22, 12, 12, 17, 34, 4, 17, 17, 26, 23, 14, 27, 17, 27, 20, 29, 20, 17, 10, 7, 1, 31, 2, 2, 21, 4, 27, 24, 27, 3, 17, 23, 26, 34, 20, 35, 4, 13, 20, 10, 16, 16, 6, 29, 3, 27, 7, 0, 1, 7, 0, 3, 32, 3, 21, 17]


       ‖ S_mob   F_mob
========================
R_mob  ‖ <       <       
------------------------
S_mob  ‖         m       

Vertical_support: 0.722
Indices_supporting: [30, 23, 17, 16, 14, 27, 32, 5, 3, 9, 31, 7, 32, 4, 0, 12, 8, 34, 22, 13, 33, 2, 1, 8, 27, 3, 35, 23, 5, 28, 21, 27, 24, 23]


       ‖ S_mob   F_mob
========================
F_mob  ‖ m       <       
------------------------
S_mob  ‖         m       

Vertical_support: 0.722
Indices_supporting: [23, 17, 17, 27, 16, 14, 27, 0, 32, 5, 3, 3, 9, 15, 7, 32, 4, 9, 0, 35, 25, 6, 12, 0, 8, 4, 34, 24, 13, 22, 33, 16, 6, 2, 2, 17, 27, 0, 27, 8, 35, 23, 5, 18, 32, 21, 3, 2, 27, 24, 27, 23]


       ‖ S_mob   N_se
=======================
F_mob  ‖ m       <      
-----------------------
S_mob  ‖         <      

Vertical_support: 0.722
Indices_supporting: [4, 11, 8, 7, 33, 17, 7, 6, 20, 22, 22, 12, 22, 12, 17, 34, 2, 4, 17, 14, 23, 27, 17, 3, 17, 23, 20, 35, 11, 22, 3, 2, 21, 22, 24, 27, 27, 23, 5, 27, 17, 23, 17, 34, 20, 35, 16, 13, 16, 16, 32, 32, 3, 6, 6, 15, 8, 3, 4, 0, 7, 26, 7, 23, 13, 3, 2, 32, 0, 22, 21, 17]


       ‖ N_se
===============
S_mob  ‖ m      

Vertical_support: 0.722
Indices_supporting: [4, 11, 20, 16, 33, 13, 22, 3, 19, 5, 17, 17, 21, 26, 20, 10, 27, 22, 29, 2, 28, 6, 31, 5, 7, 14, 24, 23, 10, 11, 10, 20, 6, 3, 26, 2, 28, 31, 24, 4, 4, 7, 34, 12]


       ‖ F_mob   S_mob
========================
R_mob  ‖ m       <       
------------------------
F_mob  ‖         m       

Vertical_support: 0.694
Indices_supporting: [0, 33, 7, 35, 33, 4, 27, 23, 24, 23, 6, 22, 22, 9, 16, 8, 34, 5, 12, 27, 32, 3, 9, 32, 2, 5, 14, 23, 14, 23, 17, 32, 0, 7, 21, 25, 0, 13, 18, 8]


       ‖ N_se   R_mob
=======================
R_mob  ‖ <      <       
-----------------------
N_se   ‖        <       

Vertical_support: 0.694
Indices_supporting: [1, 6, 25, 7, 32, 32, 34, 34, 14, 24, 1, 16, 34, 7, 30, 31, 26, 23, 32, 3, 2, 18, 35, 28, 24, 11, 33, 24, 14, 6, 28, 26, 26, 34, 12, 12, 16, 5, 22, 22, 9, 1, 24, 18, 34, 1, 10, 7, 12, 16, 6, 22, 5, 26]


       ‖ R_mob   F_mob
========================
R_mob  ‖ <       <       
------------------------
R_mob  ‖         m       

Vertical_support: 0.694
Indices_supporting: [14, 18, 1, 7, 5, 1, 23, 35, 23, 15, 6, 32, 25, 31, 9, 2, 18, 1, 24, 7, 22, 24, 14, 30, 24, 24, 1, 23, 23, 31, 17, 25, 16, 24, 14, 8, 5, 33, 24, 14, 16, 1, 23, 9, 2, 32, 24, 35, 35, 34, 34, 30, 18, 34, 2, 34, 5, 26, 1, 27, 7, 12, 35, 16, 6, 25, 12, 18, 14]


       ‖ F_mob   N_se
=======================
F_mob  ‖ <       <      
-----------------------
F_mob  ‖         <      

Vertical_support: 0.694
Indices_supporting: [4, 17, 16, 33, 22, 35, 12, 34, 5, 2, 4, 17, 30, 23, 5, 27, 17, 34, 14, 17, 26, 16, 12, 22, 25, 21, 1, 34, 23, 32, 1, 35, 16, 13, 16, 16, 31, 31, 14, 24, 9, 7, 3, 32, 22, 2, 21, 34]


       ‖ R_mob   S_mob
========================
F_mob  ‖ m       <       
------------------------
R_mob  ‖         m       

Vertical_support: 0.694
Indices_supporting: [21, 23, 35, 33, 9, 3, 31, 8, 34, 4, 1, 33, 6, 15, 0, 25, 30, 1, 7, 7, 25, 15, 18, 26, 10, 5, 14, 12, 29, 5, 24]


       ‖ S_mob   N_se
=======================
N_se   ‖ <       <      
-----------------------
S_mob  ‖         <      

Vertical_support: 0.694
Indices_supporting: [5, 4, 4, 20, 33, 8, 7, 26, 33, 17, 22, 20, 28, 22, 12, 18, 22, 17, 2, 4, 17, 14, 23, 10, 17, 5, 17, 26, 3, 35, 11, 28, 28, 26, 22, 3, 21, 22, 4, 27, 7, 23, 5, 27, 4, 17, 23, 17, 7, 34, 35, 16, 7, 10, 12, 10, 32, 20, 32, 3, 4, 0, 7, 7, 4, 20, 3, 2, 22, 22, 8, 22, 21]


       ‖ F_mob   R_mob
========================
S_mob  ‖ m       <       
------------------------
F_mob  ‖         m       

Vertical_support: 0.694
Indices_supporting: [23, 7, 4, 2, 16, 32, 34, 5, 15, 18, 27, 16, 5, 33, 7, 0, 35, 32, 1, 26, 23, 2, 3, 9, 2, 21, 24, 18, 23, 30, 33, 32, 9, 25, 12, 12, 25, 27, 14, 8, 33, 1, 0, 9, 8]


       ‖ S_mob   N_se
=======================
R_mob  ‖ m       <      
-----------------------
S_mob  ‖         <      

Vertical_support: 0.667
Indices_supporting: [4, 14, 5, 20, 33, 30, 7, 20, 26, 29, 20, 12, 35, 9, 18, 25, 18, 26, 23, 1, 10, 5, 29, 9, 26, 14, 28, 3, 26, 31, 28, 26, 4, 4, 7, 14, 9, 7, 7, 20, 10, 23, 25, 0, 28, 7, 20, 10, 12, 29, 29, 24, 33, 4, 3, 22, 22, 8, 5, 28]


       ‖ F_mob   S_mob
========================
F_mob  ‖ <       <       
------------------------
F_mob  ‖         m       

Vertical_support: 0.667
Indices_supporting: [8, 35, 33, 27, 13, 3, 10, 0, 33, 2, 29, 24, 27, 23, 4, 3, 22, 22, 9, 6, 16, 34, 27, 12, 17, 17, 0, 32, 22, 3, 9, 32, 5, 31, 27, 14, 17, 17, 32, 24]


       ‖ N_se   F_mob
=======================
F_mob  ‖ <      <       
-----------------------
N_se   ‖        <       

Vertical_support: 0.667
Indices_supporting: [17, 10, 1, 23, 27, 6, 25, 7, 31, 24, 11, 7, 30, 14, 24, 1, 32, 12, 32, 32, 6, 35, 30, 5, 4, 22, 3, 22, 21, 2, 34, 2, 2, 17, 27, 16, 7, 3, 12, 16, 16, 3, 12, 6, 24, 27]


       ‖ R_mob   R_mob
========================
F_mob  ‖ m       <       
------------------------
R_mob  ‖         <       

Vertical_support: 0.667
Indices_supporting: [2, 24, 1, 1, 23, 32, 25, 25, 9, 26, 18, 34, 14, 1, 8, 1, 27, 14, 1, 35, 2, 16, 33, 31, 7, 2, 5, 18, 24, 30, 1, 1, 23, 24, 35, 26, 9, 35, 35, 6, 34, 5, 23, 30, 33, 12, 24, 14, 23, 24, 4, 1, 2, 32, 12, 16, 25, 22, 34, 5, 14, 9, 26, 31]


      ‖ F_mob
===============
N_se  ‖ m       

Vertical_support: 0.667
Indices_supporting: [1, 7, 3, 10, 16, 27, 35, 6, 3, 16, 15, 1, 24, 5, 30, 4, 32, 13, 20, 0, 22, 0, 32, 24, 30, 34, 0, 1, 4, 33, 14, 16, 22, 24, 30, 12, 1, 17, 7, 26, 32, 6, 5, 26, 12]


       ‖ R_mob   S_mob
========================
N_se   ‖ <       <       
------------------------
R_mob  ‖         m       

Vertical_support: 0.667
Indices_supporting: [21, 23, 33, 28, 35, 28, 3, 31, 22, 34, 4, 26, 6, 9, 0, 30, 11, 1, 7, 28, 26, 8, 13, 20, 10, 5, 24]


       ‖ F_mob   F_mob
========================
N_se   ‖ <       <       
------------------------
F_mob  ‖         <       

Vertical_support: 0.639
Indices_supporting: [14, 17, 26, 5, 1, 16, 23, 14, 35, 32, 5, 3, 9, 3, 31, 24, 24, 31, 7, 17, 1, 4, 22, 16, 12, 8, 33, 4, 24, 16, 14, 1, 23, 34, 34, 17, 27, 32, 12, 3, 16, 12, 2, 6, 2]


      ‖ S_mob
===============
N_se  ‖ m       

Vertical_support: 0.639
Indices_supporting: [28, 3, 28, 25, 31, 8, 20, 26, 23, 24, 30, 4, 27, 6, 22, 6, 25, 5, 7, 17, 17, 26, 22, 32, 7, 9, 15, 24, 30, 13, 17, 17, 20, 10, 21, 6, 10]


       ‖ N_se   N_se
======================
S_mob  ‖ m      <      
----------------------
N_se   ‖        <      

Vertical_support: 0.639
Indices_supporting: [4, 5, 20, 34, 4, 20, 26, 7, 31, 10, 12, 12, 4, 23, 20, 10, 17, 11, 20, 17, 26, 20, 10, 3, 28, 31, 26, 2, 11, 21, 21, 20, 4, 26, 27, 7, 13, 14, 7, 10, 7, 4, 20, 10, 16, 6, 6, 10, 2, 7, 24, 11, 4, 26, 34, 34, 20, 13, 22, 3, 6, 22, 3, 4, 17]


       ‖ F_mob   R_mob   F_mob
================================
R_mob  ‖ m       <       <       
--------------------------------
F_mob  ‖         m       <       
--------------------------------
R_mob  ‖                 m       

Vertical_support: 0.611
Indices_supporting: [14, 1, 5, 1, 35, 23, 6, 32, 25, 31, 9, 2, 1, 18, 24, 22, 24, 14, 30, 24, 31, 1, 23, 17, 16, 24, 14, 33, 24, 14, 16, 1, 23, 9, 2, 32, 24, 35, 35, 34, 34, 34, 2, 34, 1, 27, 7, 12, 35, 16, 25, 12, 18]


       ‖ F_mob   S_mob   F_mob
================================
R_mob  ‖ m       <       <       
--------------------------------
F_mob  ‖         m       <       
--------------------------------
S_mob  ‖                 m       

Vertical_support: 0.611
Indices_supporting: [23, 17, 16, 14, 27, 32, 5, 3, 9, 7, 4, 32, 0, 12, 8, 34, 22, 13, 33, 2, 27, 8, 35, 23, 5, 21, 24, 23]


       ‖ R_mob   N_se
=======================
R_mob  ‖ <       <      
-----------------------
R_mob  ‖         <      

Vertical_support: 0.611
Indices_supporting: [5, 24, 16, 16, 3, 25, 12, 1, 34, 27, 5, 9, 26, 32, 28, 26, 16, 35, 25, 5, 1, 14, 1, 17, 7, 1, 16, 7, 31, 31, 1, 14, 24, 31, 33, 24, 3, 1, 24, 22, 24, 22, 2, 8, 5, 22, 33]


       ‖ N_se
===============
R_mob  ‖ m      

Vertical_support: 0.611
Indices_supporting: [34, 4, 7, 24, 7, 3, 5, 28, 2, 0, 7, 7, 29, 9, 3, 6, 12, 20, 10, 14, 27, 7, 23, 13, 2, 25, 5, 15, 15, 11]


       ‖ F_mob   R_mob
========================
F_mob  ‖ <       <       
------------------------
F_mob  ‖         m       

Vertical_support: 0.611
Indices_supporting: [2, 23, 1, 1, 23, 2, 16, 32, 32, 25, 9, 34, 18, 34, 14, 27, 16, 1, 27, 1, 7, 2, 35, 1, 16, 32, 31, 23, 2, 2, 5, 18, 21, 24, 23, 30, 1, 24, 32, 1, 9, 26, 35, 35, 12, 34, 23, 12, 24, 24, 33, 30, 23, 5, 14, 14, 2, 1, 32, 12, 0, 16, 35, 33, 14, 9, 26, 31]


       ‖ N_se   R_mob
=======================
F_mob  ‖ <      <       
-----------------------
N_se   ‖        <       

Vertical_support: 0.611
Indices_supporting: [17, 1, 16, 32, 34, 27, 1, 16, 7, 35, 16, 31, 7, 23, 2, 2, 21, 18, 24, 30, 23, 1, 23, 32, 24, 26, 35, 34, 30, 12, 5, 23, 4, 14, 20, 1, 12, 16, 22, 5, 26]


       ‖ N_se
===============
F_mob  ‖ m      

Vertical_support: 0.611
Indices_supporting: [1, 24, 27, 17, 32, 0, 17, 26, 32, 12, 12, 21, 30, 23, 8, 16, 17, 26, 12, 3, 2, 0, 9, 10, 6, 8, 2, 22, 4, 0, 16, 6, 17, 23, 11, 22, 25, 12]


       ‖ N_se   N_se
======================
F_mob  ‖ m      <      
----------------------
N_se   ‖        <      

Vertical_support: 0.611
Indices_supporting: [16, 17, 22, 9, 25, 22, 12, 12, 12, 3, 17, 11, 12, 17, 17, 27, 21, 30, 10, 17, 0, 17, 0, 26, 3, 26, 16, 6, 12, 22, 21, 21, 2, 22, 4, 17, 8, 4, 11, 17, 17, 23, 1, 16, 4, 3, 10, 32, 32, 12, 11, 1, 24, 30, 3, 23, 4, 6, 12, 3, 6, 22, 17, 22, 12]


       ‖ F_mob   N_se
=======================
N_se   ‖ m       <      
-----------------------
F_mob  ‖         <      

Vertical_support: 0.611
Indices_supporting: [4, 24, 34, 20, 16, 22, 20, 33, 22, 35, 22, 3, 12, 17, 4, 1, 17, 5, 30, 26, 10, 27, 1, 3, 26, 16, 6, 5, 22, 22, 4, 17, 32, 1, 20, 7, 4, 3, 10, 16, 32, 1, 14, 0, 7, 24, 30, 3, 7, 16, 4, 6, 30, 24]


      ‖ N_se   N_se   N_se
============================
N_se  ‖ <      <      <      
----------------------------
N_se  ‖        <      <      
----------------------------
N_se  ‖               <      

Vertical_support: 0.611
Indices_supporting: [4, 4, 34, 16, 26, 20, 3, 17, 22, 19, 17, 28, 26, 17, 11, 10, 20, 28, 7, 10, 7, 4, 7, 20, 3, 22, 28, 21, 3, 14, 7, 4, 7, 3, 34, 16, 1, 30, 3, 3, 22, 4, 21, 17, 34, 17, 17, 26, 22, 17, 11, 10, 7, 22, 28, 7, 4, 21, 7, 7, 20, 16, 12, 11, 4, 31, 30, 12, 22, 28, 30, 11, 11, 11, 22, 3, 12, 11, 21, 20, 29, 7, 7, 3, 16, 12, 3, 4, 3, 17, 17, 17, 3, 10, 31, 11, 19, 22, 2, 28, 22, 12, 7, 4, 21, 20, 24, 22, 12, 12, 11, 4, 21, 17, 7, 20, 17, 22, 4, 17, 17, 11, 1, 28, 10, 22, 11, 7, 4, 7, 17, 3, 30]


       ‖ R_mob   R_mob
========================
S_mob  ‖ m       <       
------------------------
R_mob  ‖         <       

Vertical_support: 0.611
Indices_supporting: [7, 6, 28, 24, 8, 13, 23, 22, 33, 14, 15, 31, 30, 6, 28, 35, 34, 5, 12, 18, 9, 8, 17, 24, 14, 22, 3, 26]


       ‖ N_se   F_mob
=======================
S_mob  ‖ <      <       
-----------------------
N_se   ‖        <       

Vertical_support: 0.611
Indices_supporting: [17, 23, 23, 21, 3, 16, 31, 7, 7, 23, 35, 9, 34, 12, 8, 4, 20, 13, 25, 22, 34, 17, 17, 16, 11, 12, 3, 31, 35, 2, 18, 6, 14]


       ‖ F_mob   R_mob
========================
R_mob  ‖ <       <       
------------------------
F_mob  ‖         m       

Vertical_support: 0.583
Indices_supporting: [23, 32, 25, 7, 34, 34, 14, 1, 16, 7, 1, 31, 26, 23, 3, 2, 18, 30, 33, 24, 1, 6, 5, 12, 25, 24, 14, 8, 33, 24, 2, 12, 16, 9, 26]


       ‖ N_se   S_mob
=======================
R_mob  ‖ <      <       
-----------------------
N_se   ‖        <       

Vertical_support: 0.583
Indices_supporting: [33, 23, 7, 10, 3, 22, 20, 34, 4, 29, 4, 16, 22, 34, 5, 30, 20, 1, 26, 25, 28, 31, 26, 17, 13, 21, 5, 28]


       ‖ S_mob   F_mob
========================
F_mob  ‖ <       <       
------------------------
S_mob  ‖         m       

Vertical_support: 0.583
Indices_supporting: [30, 10, 16, 0, 9, 31, 32, 35, 29, 12, 4, 27, 22, 33, 6, 21, 17, 1, 27, 3, 5, 27, 24, 27]


       ‖ R_mob   F_mob
========================
F_mob  ‖ m       <       
------------------------
R_mob  ‖         <       

Vertical_support: 0.583
Indices_supporting: [30, 1, 10, 1, 16, 9, 1, 24, 31, 7, 24, 14, 24, 1, 32, 29, 5, 12, 16, 22, 33, 23, 21, 34, 2, 1, 26, 3, 16, 5, 12, 24]


       ‖ N_se   S_mob
=======================
F_mob  ‖ <      <       
-----------------------
N_se   ‖        <       

Vertical_support: 0.556
Indices_supporting: [21, 8, 35, 23, 27, 33, 3, 10, 22, 3, 4, 2, 29, 27, 4, 3, 34, 17, 17, 32, 3, 22, 7, 32, 31, 17, 20, 17, 5, 12, 7]


       ‖ S_mob   N_se
=======================
N_se   ‖ <       <      
-----------------------
S_mob  ‖         m      

Vertical_support: 0.556
Indices_supporting: [4, 20, 16, 33, 22, 3, 26, 17, 21, 17, 20, 27, 10, 22, 29, 2, 28, 6, 5, 7, 24, 10, 6, 3, 28, 31, 4, 12]


      ‖ R_mob
===============
N_se  ‖ m       

Vertical_support: 0.556
Indices_supporting: [23, 7, 7, 25, 9, 24, 18, 14, 7, 8, 26, 25, 34, 3, 25, 15, 31, 34, 28, 8, 16, 35, 32, 12, 28, 22, 24, 30, 7, 12, 35, 3]


       ‖ R_mob   F_mob
========================
S_mob  ‖ <       <       
------------------------
R_mob  ‖         m       

Vertical_support: 0.556
Indices_supporting: [18, 26, 5, 23, 23, 35, 16, 31, 22, 24, 33, 0, 32, 9, 8, 33, 1, 34, 30, 27, 5, 32, 12, 2]


       ‖ N_se   N_se   N_se
=============================
R_mob  ‖ <      <      <      
-----------------------------
N_se   ‖        <      <      
-----------------------------
N_se   ‖               <      

Vertical_support: 0.528
Indices_supporting: [4, 24, 11, 26, 22, 20, 26, 28, 22, 3, 11, 12, 21, 26, 21, 10, 7, 22, 10, 29, 3, 7, 4, 7, 5, 17, 7, 20, 1, 16, 7, 20, 10, 22, 28, 29, 21, 3, 31, 11, 7, 4, 30, 3, 1, 7, 22, 3, 22, 22, 4]


       ‖ S_mob   R_mob
========================
R_mob  ‖ m       <       
------------------------
S_mob  ‖         m       

Vertical_support: 0.528
Indices_supporting: [24, 26, 28, 24, 8, 34, 8, 14, 13, 7, 5, 22, 15, 14, 23, 28, 35, 35, 9, 18, 6, 9, 33, 18, 4, 14, 7, 25, 25, 5]


       ‖ S_mob   S_mob
========================
F_mob  ‖ m       <       
------------------------
S_mob  ‖         <       

Vertical_support: 0.528
Indices_supporting: [8, 35, 27, 23, 13, 3, 28, 13, 22, 0, 18, 2, 26, 27, 23, 4, 3, 6, 27, 11, 7, 0, 17, 17, 22, 27, 17, 20, 24]


       ‖ F_mob   F_mob
========================
F_mob  ‖ <       <       
------------------------
F_mob  ‖         <       

Vertical_support: 0.528
Indices_supporting: [1, 16, 23, 1, 35, 0, 9, 1, 24, 24, 24, 14, 33, 1, 32, 35, 12, 4, 16, 22, 33, 6, 23, 34, 2, 17, 27, 27, 32, 16, 5, 12, 27, 24, 27]


       ‖ R_mob   N_se   N_se
==============================
F_mob  ‖ m       <      <      
------------------------------
R_mob  ‖         <      <      
------------------------------
N_se   ‖                <      

Vertical_support: 0.528
Indices_supporting: [5, 26, 26, 3, 30, 17, 3, 26, 16, 12, 22, 25, 4, 1, 7, 1, 10, 16, 23, 29, 31, 7, 4, 32, 12, 3, 22, 18, 34]


       ‖ R_mob   F_mob   R_mob
================================
F_mob  ‖ m       <       <       
--------------------------------
R_mob  ‖         m       <       
--------------------------------
F_mob  ‖                 m       

Vertical_support: 0.528
Indices_supporting: [2, 1, 1, 23, 32, 25, 9, 18, 34, 14, 1, 27, 1, 1, 35, 16, 31, 2, 5, 18, 9, 24, 1, 1, 24, 26, 35, 35, 24, 23, 12, 5, 24, 34, 30, 23, 14, 2, 1, 32, 12, 16, 33, 14, 2, 31]


       ‖ F_mob   F_mob
========================
N_se   ‖ m       <       
------------------------
F_mob  ‖         <       

Vertical_support: 0.528
Indices_supporting: [30, 17, 1, 0, 6, 16, 24, 7, 24, 14, 32, 5, 4, 16, 13, 33, 24, 22, 35, 34, 1, 17, 5, 3, 16, 27]


       ‖ R_mob   R_mob
========================
N_se   ‖ <       <       
------------------------
R_mob  ‖         <       

Vertical_support: 0.528
Indices_supporting: [24, 23, 7, 26, 34, 14, 1, 1, 8, 1, 16, 31, 22, 33, 31, 1, 23, 30, 6, 24, 35, 34, 5, 12, 6, 30, 12, 24, 24, 4, 2, 12, 16, 5, 2]


       ‖ S_mob   N_se
=======================
N_se   ‖ m       <      
-----------------------
S_mob  ‖         <      

Vertical_support: 0.528
Indices_supporting: [17, 6, 22, 10, 22, 28, 25, 28, 4, 10, 17, 20, 17, 23, 10, 28, 31, 28, 21, 24, 21, 7, 30, 5, 17, 7, 10, 25, 20, 10, 6, 6, 32, 10, 26, 28, 23, 13, 28, 8, 22, 28, 17]


       ‖ F_mob   R_mob
========================
S_mob  ‖ <       <       
------------------------
F_mob  ‖         m       

Vertical_support: 0.528
Indices_supporting: [2, 6, 7, 27, 23, 33, 15, 31, 30, 6, 35, 34, 12, 5, 23, 8, 17, 24, 22, 3, 26]


       ‖ F_mob   F_mob
========================
S_mob  ‖ m       <       
------------------------
F_mob  ‖         <       

Vertical_support: 0.528
Indices_supporting: [18, 17, 26, 23, 23, 0, 35, 3, 16, 33, 0, 35, 32, 9, 1, 4, 6, 22, 30, 17, 27, 5, 27, 32, 2, 2, 27, 27]


       ‖ F_mob   S_mob
========================
S_mob  ‖ m       <       
------------------------
F_mob  ‖         m       

Vertical_support: 0.528
Indices_supporting: [8, 27, 35, 13, 10, 3, 0, 21, 20, 2, 29, 27, 4, 3, 17, 6, 27, 20, 17, 17, 0, 26, 22, 31, 27, 17, 28, 24]


       ‖ R_mob   S_mob
========================
R_mob  ‖ <       <       
------------------------
R_mob  ‖         m       

Vertical_support: 0.5
Indices_supporting: [23, 35, 3, 31, 22, 34, 33, 9, 30, 1, 9, 25, 24, 28, 26, 8, 14, 13, 5, 5]


       ‖ N_se   F_mob
=======================
F_mob  ‖ m      <       
-----------------------
N_se   ‖        <       

Vertical_support: 0.5
Indices_supporting: [17, 17, 23, 1, 16, 32, 2, 9, 8, 11, 24, 1, 23, 12, 16, 6, 30, 9, 12, 16, 22, 23, 0, 12, 27, 17, 0, 32, 3, 16, 21, 12]


      ‖ N_se   S_mob
======================
N_se  ‖ <      <       
-----------------------
N_se  ‖        m       

Vertical_support: 0.5
Indices_supporting: [3, 28, 25, 31, 20, 26, 24, 4, 6, 22, 6, 5, 7, 26, 17, 17, 22, 32, 7, 15, 30, 17, 17, 21, 10, 20]


      ‖ N_se   N_se   R_mob
=============================
N_se  ‖ <      <      <       
------------------------------
N_se  ‖        <      <       
------------------------------
N_se  ‖               <       

Vertical_support: 0.5
Indices_supporting: [17, 4, 7, 28, 1, 7, 30, 31, 7, 3, 22, 2, 21, 11, 11, 24, 28, 26, 26, 34, 12, 22, 22, 12, 17, 4, 20, 10, 7]


      ‖ N_se   F_mob
======================
N_se  ‖ <      <       
-----------------------
N_se  ‖        m       

Vertical_support: 0.5
Indices_supporting: [1, 7, 3, 10, 16, 6, 3, 16, 24, 5, 30, 4, 22, 20, 13, 32, 30, 1, 16, 14, 22, 24, 30, 12, 1, 26, 7, 17, 32, 6, 5, 26, 12]


       ‖ N_se   F_mob   R_mob
===============================
N_se   ‖ <      <       <       
-------------------------------
N_se   ‖        <       <       
-------------------------------
F_mob  ‖                m       

Vertical_support: 0.5
Indices_supporting: [23, 32, 7, 34, 27, 1, 7, 30, 31, 26, 3, 21, 31, 33, 24, 34, 12, 5, 12, 17, 12, 16, 2]


       ‖ S_mob   R_mob
========================
N_se   ‖ <       <       
------------------------
S_mob  ‖         m       

Vertical_support: 0.5
Indices_supporting: [24, 26, 28, 8, 13, 7, 5, 22, 11, 28, 18, 7, 23, 28, 35, 13, 35, 26, 22, 6, 33, 22, 18, 4, 20, 14, 7, 6, 25, 22, 5]


       ‖ N_se   R_mob
=======================
S_mob  ‖ <      <       
-----------------------
N_se   ‖        <       

Vertical_support: 0.5
Indices_supporting: [4, 7, 6, 28, 16, 23, 3, 2, 23, 28, 26, 35, 34, 12, 12, 9, 33, 23, 17, 4, 20, 1, 14, 3, 26]
