94 TIRPs, 374s

       ‖ N_tst
================
N_tst  ‖ <       

Vertical_support: 1.0
Indices_supporting: [17, 17, 0, 18, 18, 23, 34, 28, 33, 7, 7, 3, 16, 25, 21, 30, 30, 4, 32, 22, 7, 1, 1, 25, 19, 28, 28, 11, 16, 22, 18, 29, 4, 8, 26, 2, 9, 6, 2, 24, 31, 3, 12, 17, 30, 32, 32, 3, 10, 12, 17, 28, 35, 3, 12, 25, 22, 8, 27, 4, 1, 6, 15, 20, 31, 5, 7, 3, 30, 11, 16, 18, 31, 1, 1, 14, 6, 17, 28, 24, 2, 9, 7, 34, 12, 8, 17, 17, 26, 22, 31, 12, 10, 21, 23, 30, 28, 4, 6, 20, 20, 29, 7, 3, 12, 26, 0, 7, 5, 31, 27, 1, 6, 15, 28, 29, 7, 25, 30, 4, 0, 34, 11, 26, 22, 18, 31, 27, 5, 1, 14, 6, 28, 11, 7, 16, 20, 3, 8, 8, 8, 17, 26, 26, 0, 5, 1, 1, 19, 28, 15, 24, 20, 3, 16, 12, 30, 4, 0, 32, 9, 18, 22, 10, 6, 24, 2, 33, 7, 7, 16, 12, 4, 34, 1, 9, 13, 22, 31, 31, 5, 1, 14, 10, 23, 32, 28, 6, 2, 11, 7, 20, 18, 3, 12, 14, 8, 30, 9, 5, 23, 1, 6, 25, 2, 22, 31, 3, 18, 21, 30, 30, 4, 0, 22, 20, 12, 8, 17, 25, 27, 23, 1, 32, 8, 26, 33, 5, 3, 14, 10, 19, 25, 2, 2, 11, 20, 22, 3, 0, 9, 5, 7, 16, 20, 8, 15, 13, 24, 26, 33, 35, 35, 31, 7, 16, 14, 4, 6, 15, 15, 11, 24, 20, 3, 10, 12, 12, 17, 34, 11, 20, 22, 22, 27, 1, 10, 28, 7, 14, 21, 32, 4, 34, 34, 34, 13, 22, 22, 18, 5, 18, 14, 14, 10, 23, 32, 2, 7, 16, 24, 1, 20, 20, 33, 25, 3, 3, 12, 12, 8, 17, 26, 26, 12, 0, 9, 9, 18, 27, 4, 2, 32, 6, 15, 15, 24, 33, 33, 29, 3, 16, 12, 25, 21, 30, 26, 35, 0, 34, 31, 1, 6, 32, 28, 24, 33, 7, 3, 16, 16, 21, 34, 1, 17, 26, 26, 31, 18, 14, 10, 23, 28, 6, 25, 2, 16, 15, 24, 20, 20, 29, 3, 12]


       ‖ N_tst
================
R_mob  ‖ <       

Vertical_support: 0.972
Indices_supporting: [4, 17, 34, 10, 18, 34, 31, 12, 8, 5, 23, 34, 11, 10, 26, 23, 20, 22, 32, 28, 6, 22, 2, 22, 12, 11, 14, 28, 7, 21, 1, 30, 33, 28, 10, 7, 6, 7, 3, 20, 18, 28, 21, 3, 34, 30, 12, 14, 30, 8, 7, 4, 20, 20, 14, 30, 32, 24, 29, 23, 7, 12, 9, 25, 5, 34, 34, 26, 23, 7, 1, 1, 1, 7, 25, 25, 22, 2, 18, 28, 5, 18, 14, 11, 14, 10, 27, 23, 23, 22, 31, 1, 16, 32, 31, 6, 3, 2, 18, 18, 22, 29, 28, 7, 4, 21, 16, 30, 8, 7, 4, 1, 20, 20, 24, 33, 25, 3, 30, 12, 9, 12, 22, 4, 20, 34, 11, 26, 26, 12, 9, 6, 9, 22, 26, 18, 35, 31, 5, 1, 24, 32, 32, 31, 25, 3, 15, 12, 7, 24, 23, 1, 30, 12, 29, 33, 3, 16, 32, 26, 21, 26, 8, 8, 35, 17, 14, 34, 27, 26, 26, 0, 10, 17, 28, 1, 1, 1, 35, 20, 22, 32, 28, 25, 3, 22, 33, 7, 24, 20, 1, 16, 6, 3, 21, 16, 12, 9, 7, 20, 34, 1, 30, 5, 7, 3, 0, 20, 35, 32, 9, 26, 26, 18, 30, 8, 5, 22, 18, 15, 11, 13, 10, 24, 23, 26, 33, 35, 35, 31, 28, 10, 7, 25, 2, 16, 18, 31, 24, 2, 1, 15, 14, 33, 7, 4, 7, 24, 16, 28, 25, 24, 6, 2, 12, 9, 11, 7]


       ‖ S_mob
================
F_mob  ‖ <       

Vertical_support: 0.972
Indices_supporting: [16, 3, 0, 17, 9, 18, 35, 27, 25, 35, 24, 29, 28, 33, 3, 12, 24, 23, 14, 10, 9, 7, 24, 15, 27, 33, 29, 8, 2, 18, 32, 10, 5, 23, 34, 22, 32, 33, 4, 4, 1, 6, 3, 15, 12, 6, 7, 20, 17, 31, 9, 8, 5, 14, 11, 27, 26, 22, 5, 27, 33, 32, 3, 17, 26, 17, 9, 22, 0, 34, 27, 22, 1, 13, 15, 31, 25, 7, 13, 21, 0, 30, 24]


       ‖ N_tst
================
F_mob  ‖ <       

Vertical_support: 0.972
Indices_supporting: [4, 20, 17, 1, 17, 34, 9, 3, 12, 12, 22, 18, 18, 17, 31, 34, 12, 8, 5, 17, 17, 23, 22, 32, 34, 6, 22, 2, 11, 28, 10, 27, 23, 1, 10, 7, 4, 6, 3, 7, 16, 3, 30, 12, 14, 30, 7, 4, 20, 20, 32, 24, 29, 23, 7, 21, 3, 32, 12, 9, 5, 4, 22, 34, 34, 34, 23, 7, 1, 1, 0, 13, 7, 6, 25, 5, 5, 14, 11, 31, 10, 27, 23, 23, 32, 31, 6, 3, 2, 18, 28, 4, 16, 30, 7, 24, 1, 33, 26, 25, 3, 2, 3, 30, 12, 9, 12, 8, 22, 4, 0, 17, 34, 26, 26, 0, 9, 6, 26, 22, 2, 18, 18, 17, 35, 27, 1, 14, 27, 24, 4, 6, 2, 32, 32, 31, 28, 6, 3, 15, 12, 11, 27, 7, 24, 23, 1, 16, 32, 29, 33, 8, 3, 20, 16, 32, 12, 32, 25, 21, 3, 8, 5, 8, 8, 3, 0, 14, 17, 34, 27, 26, 26, 3, 12, 25, 5, 2, 2, 17, 31, 1, 1, 35, 6, 32, 32, 24, 33, 8, 27, 24, 20, 1, 16, 16, 6, 3, 0, 2, 16, 15, 12, 9, 7, 1, 16, 30, 7, 4, 3, 0, 20, 33, 32, 35, 9, 26, 18, 31, 5, 22, 14, 13, 10, 24, 23, 26, 33, 35, 31, 10, 7, 6, 6, 2, 14, 31, 2, 1, 1, 14, 7, 4, 24, 20, 16, 12, 25, 24, 6, 3, 12, 9, 7]


       ‖ F_mob
================
S_mob  ‖ <       

Vertical_support: 0.972
Indices_supporting: [18, 30, 26, 20, 0, 35, 22, 3, 30, 2, 26, 23, 3, 27, 23, 5, 23, 1, 6, 16, 13, 12, 8, 5, 4, 24, 35, 6, 18, 17, 8, 5, 27, 16, 28, 7, 0, 11, 21, 33, 0, 17, 33, 27, 35, 31, 14, 35, 7, 32, 15, 27, 34, 0, 0, 17, 34, 23, 25, 22, 10, 5, 14, 7, 6, 2, 18, 13, 15, 29, 27, 20, 12, 25, 22, 23, 14, 25, 32, 31, 9, 8, 5, 31, 27, 23, 9, 23, 3, 26, 33]


       ‖ N_tst
================
S_mob  ‖ <       

Vertical_support: 0.972
Indices_supporting: [4, 20, 17, 1, 17, 9, 3, 0, 13, 10, 12, 12, 24, 17, 31, 31, 23, 1, 17, 14, 17, 10, 26, 20, 28, 6, 22, 22, 12, 14, 28, 27, 7, 4, 21, 23, 33, 30, 28, 10, 7, 4, 20, 16, 18, 28, 25, 3, 4, 20, 20, 14, 32, 29, 23, 7, 21, 3, 32, 25, 5, 4, 22, 34, 34, 26, 23, 7, 0, 13, 5, 22, 28, 28, 18, 14, 11, 10, 27, 20, 22, 1, 16, 6, 3, 2, 18, 22, 28, 7, 4, 21, 30, 30, 29, 7, 20, 0, 20, 13, 26, 3, 2, 3, 31, 9, 4, 20, 0, 17, 11, 26, 26, 0, 9, 6, 8, 22, 2, 26, 17, 31, 27, 5, 14, 4, 6, 32, 31, 28, 6, 3, 15, 11, 27, 7, 23, 33, 33, 12, 29, 32, 8, 3, 20, 26, 21, 3, 26, 8, 5, 8, 8, 3, 35, 27, 26, 26, 3, 10, 12, 2, 11, 28, 1, 35, 28, 20, 22, 32, 28, 3, 8, 27, 7, 4, 24, 3, 20, 1, 16, 6, 3, 2, 16, 21, 7, 20, 16, 5, 4, 3, 17, 20, 26, 26, 8, 22, 18, 15, 13, 23, 35, 28, 10, 6, 16, 14, 24, 1, 16, 33, 7, 4, 7, 20, 17, 20, 24, 29, 28, 12, 11, 7]


       ‖ S_mob
================
N_tst  ‖ <       

Vertical_support: 0.972
Indices_supporting: [21, 23, 16, 26, 3, 0, 17, 25, 35, 28, 27, 25, 2, 14, 24, 16, 15, 29, 28, 33, 3, 33, 26, 0, 12, 9, 5, 24, 30, 23, 14, 10, 9, 18, 7, 24, 20, 33, 13, 29, 5, 2, 18, 13, 32, 10, 5, 22, 28, 23, 34, 20, 22, 33, 11, 4, 4, 20, 1, 6, 3, 12, 6, 8, 17, 7, 20, 17, 31, 9, 8, 5, 22, 18, 14, 11, 27, 26, 23, 22, 14, 28, 27, 7, 4, 21, 32, 3, 24, 17, 26, 8, 8, 17, 6, 22, 0, 34, 27, 22, 1, 13, 2, 15, 31, 28, 25, 7, 7, 13, 21, 18, 30, 8, 24]


       ‖ R_mob
================
N_tst  ‖ <       

Vertical_support: 0.972
Indices_supporting: [32, 13, 9, 6, 25, 5, 26, 11, 30, 26, 8, 5, 1, 0, 14, 35, 9, 35, 28, 5, 2, 15, 31, 1, 14, 32, 3, 2, 22, 32, 25, 1, 15, 8, 7, 24, 17, 1, 16, 34, 12, 3, 34, 8, 31, 30, 27, 35, 0, 10, 9, 23, 26, 32, 34, 14, 31, 25, 22, 2, 2, 14, 7, 16, 33, 3, 12, 18, 1, 7, 6, 16, 32, 12, 9, 24, 5, 4, 14, 31, 9, 23, 1, 6, 25, 2, 18, 34, 11, 30, 8, 5, 1, 23, 16, 13, 16, 28, 25, 2, 24, 21, 26, 7, 7, 16, 9, 9, 24, 18, 12, 1, 13, 35, 32, 34, 6, 18, 1, 18, 14, 34, 34, 1, 10, 31, 31, 21, 1, 12, 23, 33, 30, 29, 28, 12, 24, 33, 33, 20, 0, 5, 22, 14, 4, 17, 14, 34, 27, 9, 23, 26, 6, 5, 22, 18, 22, 11, 24, 33, 16, 33, 32, 25, 35, 8, 24]


       ‖ S_mob
================
R_mob  ‖ <       

Vertical_support: 0.944
Indices_supporting: [21, 23, 0, 16, 26, 3, 17, 9, 25, 14, 29, 3, 33, 0, 9, 24, 5, 23, 10, 9, 18, 27, 27, 24, 15, 27, 33, 13, 23, 0, 32, 25, 5, 22, 23, 34, 20, 22, 32, 33, 4, 20, 12, 8, 35, 31, 5, 22, 14, 27, 26, 23, 22, 14, 28, 5, 7, 4, 21, 33, 32, 24, 8, 13, 9, 6, 22, 35, 34, 1, 2, 31, 28, 7, 0, 30, 8]


       ‖ F_mob
================
R_mob  ‖ <       

Vertical_support: 0.944
Indices_supporting: [18, 33, 30, 1, 20, 32, 9, 34, 14, 26, 32, 1, 34, 23, 23, 23, 32, 12, 8, 5, 23, 24, 9, 26, 25, 16, 21, 18, 14, 8, 5, 17, 27, 35, 31, 1, 27, 28, 7, 0, 16, 12, 14, 25, 24, 32, 18, 35, 34, 33, 24, 17, 13, 22, 34, 2, 10, 7, 33, 35, 15, 24, 2, 1, 14, 24, 33, 25, 18, 35, 34, 1, 30, 12, 23, 35, 9, 31, 23, 1, 7, 6, 23, 5, 18, 27, 2, 24, 20, 7, 6, 3, 25, 22, 4, 21, 30, 29, 24, 1, 14, 16, 12, 9, 8, 5, 5, 24, 14, 31, 1, 0, 23, 8, 27, 3, 2, 16, 26]


       ‖ S_mob
================
F_mob  ‖ m       

Vertical_support: 0.944
Indices_supporting: [21, 23, 0, 16, 26, 3, 0, 17, 9, 25, 2, 35, 27, 2, 14, 16, 15, 29, 0, 24, 5, 30, 10, 9, 18, 27, 27, 27, 32, 2, 13, 23, 0, 32, 6, 25, 23, 20, 32, 33, 11, 4, 20, 3, 12, 6, 8, 17, 17, 35, 8, 5, 18, 14, 27, 23, 22, 28, 27, 7, 4, 21, 33, 32, 3, 17, 17, 13, 6, 22, 34, 22, 2, 31, 7, 13, 0, 8, 24]


       ‖ F_mob
================
S_mob  ‖ m       

Vertical_support: 0.944
Indices_supporting: [33, 20, 3, 2, 2, 32, 6, 15, 27, 23, 23, 32, 27, 8, 4, 0, 17, 26, 25, 6, 21, 14, 8, 27, 35, 31, 1, 28, 0, 16, 12, 24, 0, 16, 17, 32, 9, 17, 27, 35, 13, 22, 34, 10, 7, 27, 33, 2, 33, 17, 18, 30, 24, 12, 9, 1, 4, 23, 5, 18, 27, 2, 20, 3, 4, 21, 29, 25, 9, 5, 24, 0, 7, 0, 15, 8, 27, 3, 9, 26, 3]


       ‖ N_tst   N_tst
========================
N_tst  ‖ <       <       
------------------------
N_tst  ‖         <       

Vertical_support: 0.944
Indices_supporting: [4, 20, 17, 17, 34, 1, 3, 12, 12, 10, 22, 17, 34, 12, 5, 1, 17, 34, 11, 10, 26, 20, 22, 31, 28, 6, 22, 22, 12, 28, 11, 10, 7, 23, 21, 33, 30, 28, 10, 7, 7, 4, 3, 6, 20, 28, 25, 21, 3, 30, 30, 12, 7, 4, 20, 20, 30, 29, 24, 7, 21, 3, 12, 9, 5, 4, 26, 7, 1, 6, 22, 22, 19, 2, 28, 31, 11, 14, 10, 22, 16, 1, 31, 6, 3, 22, 18, 15, 28, 7, 21, 4, 16, 29, 7, 24, 1, 20, 20, 26, 3, 3, 30, 12, 12, 4, 20, 17, 34, 26, 0, 12, 26, 9, 6, 22, 18, 17, 31, 27, 5, 24, 4, 2, 32, 31, 28, 3, 15, 12, 7, 24, 16, 33, 33, 30, 1, 12, 3, 20, 16, 12, 26, 21, 3, 30, 8, 5, 3, 17, 26, 26, 3, 12, 10, 25, 5, 2, 17, 28, 1, 1, 1, 19, 28, 6, 22, 20, 28, 3, 22, 27, 7, 3, 20, 16, 1, 3, 0, 16, 15, 12, 7, 20, 16, 30, 1, 7, 4, 5, 3, 17, 0, 20, 26, 9, 18, 31, 30, 8, 22, 10, 26, 23, 31, 28, 10, 7, 6, 16, 31, 16, 1, 1, 14, 7, 7, 4, 6, 17, 16, 24, 20, 12, 28, 24, 6, 3, 15, 12, 11, 7]


       ‖ F_mob
================
N_tst  ‖ <       

Vertical_support: 0.944
Indices_supporting: [33, 30, 26, 1, 0, 20, 35, 32, 9, 8, 3, 34, 14, 30, 23, 2, 32, 6, 3, 1, 18, 34, 27, 23, 1, 16, 32, 12, 12, 27, 8, 5, 4, 24, 0, 16, 17, 9, 26, 25, 35, 16, 6, 25, 21, 18, 18, 17, 14, 8, 5, 8, 17, 16, 35, 31, 5, 1, 1, 32, 28, 7, 6, 16, 12, 9, 11, 14, 24, 21, 24, 25, 3, 17, 16, 32, 9, 18, 0, 34, 24, 17, 34, 30, 27, 35, 32, 31, 22, 34, 14, 31, 2, 14, 10, 7, 33, 32, 15, 35, 24, 2, 1, 14, 8, 24, 27, 33, 0, 17, 18, 34, 1, 30, 24, 4, 1, 12, 9, 23, 25, 22, 35, 22, 31, 10, 27, 5, 1, 14, 7, 6, 23, 5, 2, 16, 18, 18, 29, 27, 2, 24, 20, 12, 7, 6, 3, 12, 11, 4, 21, 34, 30, 29, 24, 14, 16, 12, 25, 32, 31, 9, 8, 5, 2, 5, 1, 34, 14, 31, 27, 1, 0, 15, 23, 8, 3, 2, 16, 32, 26, 3, 33]


       ‖ F_mob
================
R_mob  ‖ m       

Vertical_support: 0.917
Indices_supporting: [18, 30, 26, 1, 0, 35, 32, 9, 8, 22, 34, 14, 30, 26, 23, 32, 3, 1, 18, 34, 5, 1, 33, 23, 6, 16, 13, 32, 12, 12, 5, 23, 24, 16, 9, 35, 16, 25, 18, 18, 17, 33, 8, 5, 17, 16, 5, 27, 27, 1, 32, 7, 6, 2, 14, 9, 11, 25, 24, 21, 33, 3, 18, 0, 34, 33, 35, 24, 34, 30, 32, 31, 14, 31, 24, 2, 35, 14, 35, 32, 15, 24, 1, 14, 8, 24, 27, 34, 0, 0, 25, 35, 34, 1, 4, 1, 9, 23, 25, 35, 22, 31, 10, 27, 23, 5, 14, 7, 6, 2, 16, 18, 15, 29, 2, 24, 12, 7, 6, 12, 11, 25, 22, 34, 30, 23, 24, 1, 14, 16, 12, 25, 32, 31, 8, 5, 2, 1, 34, 14, 31, 27, 23, 1, 9, 23, 2, 16, 32, 33]


       ‖ R_mob
================
R_mob  ‖ <       

Vertical_support: 0.917
Indices_supporting: [33, 32, 35, 13, 26, 25, 30, 26, 1, 0, 14, 35, 9, 28, 5, 5, 15, 31, 24, 1, 14, 3, 2, 22, 32, 25, 24, 1, 8, 7, 24, 27, 34, 1, 16, 12, 3, 35, 34, 8, 14, 30, 31, 35, 9, 23, 26, 32, 34, 14, 31, 25, 22, 2, 14, 7, 16, 33, 18, 1, 7, 6, 16, 32, 12, 9, 24, 5, 9, 23, 22, 1, 6, 25, 2, 18, 34, 11, 30, 26, 8, 1, 15, 23, 23, 28, 2, 18, 24, 23, 7, 7, 16, 9, 25, 25, 24, 18, 34, 1, 35, 34, 6, 18, 1, 18, 14, 34, 34, 10, 31, 1, 12, 14, 33, 30, 29, 28, 12, 8, 24, 33, 33, 23, 5, 22, 35, 14, 4, 17, 14, 34, 9, 23, 26, 32, 6, 5, 22, 18, 24, 33, 16, 35]


       ‖ F_mob
================
F_mob  ‖ <       

Vertical_support: 0.917
Indices_supporting: [18, 30, 26, 1, 32, 9, 8, 3, 34, 14, 2, 26, 23, 2, 32, 32, 6, 1, 18, 34, 27, 23, 23, 1, 33, 23, 6, 16, 13, 32, 12, 12, 32, 27, 4, 23, 0, 16, 9, 16, 6, 21, 18, 14, 33, 8, 5, 8, 17, 27, 35, 31, 5, 1, 27, 27, 1, 32, 7, 6, 0, 16, 14, 9, 25, 24, 3, 0, 16, 17, 32, 9, 18, 0, 34, 33, 35, 24, 17, 34, 30, 27, 35, 32, 13, 22, 34, 31, 2, 35, 14, 10, 7, 27, 33, 32, 35, 24, 2, 1, 14, 27, 24, 0, 17, 25, 35, 34, 1, 30, 24, 12, 9, 22, 35, 9, 22, 31, 27, 23, 5, 23, 5, 2, 16, 18, 27, 2, 24, 7, 6, 3, 12, 11, 22, 4, 21, 34, 30, 29, 24, 1, 16, 12, 25, 32, 5, 2, 5, 1, 0, 14, 24, 31, 34, 23, 1, 9, 15, 23, 8, 27, 3, 2, 16, 32, 3, 33]


       ‖ N_tst   F_mob
========================
N_tst  ‖ <       <       
------------------------
N_tst  ‖         <       

Vertical_support: 0.917
Indices_supporting: [33, 26, 1, 20, 8, 3, 3, 1, 34, 27, 1, 16, 12, 5, 4, 0, 16, 26, 16, 6, 21, 18, 18, 17, 17, 16, 31, 5, 28, 7, 6, 12, 14, 11, 24, 3, 17, 32, 0, 34, 24, 30, 35, 10, 7, 2, 24, 17, 1, 4, 12, 9, 22, 31, 10, 1, 7, 23, 6, 2, 16, 29, 24, 20, 7, 3, 12, 11, 21, 34, 30, 16, 12, 31, 8, 5, 5, 31, 1, 15, 23, 3, 3]


       ‖ N_tst   N_tst
========================
R_mob  ‖ <       <       
------------------------
N_tst  ‖         <       

Vertical_support: 0.889
Indices_supporting: [4, 34, 12, 23, 11, 10, 26, 23, 20, 28, 6, 22, 22, 2, 11, 28, 7, 21, 28, 10, 7, 7, 20, 18, 28, 21, 3, 30, 12, 30, 20, 20, 30, 24, 29, 7, 12, 9, 5, 26, 1, 25, 25, 22, 28, 10, 27, 23, 22, 16, 32, 31, 22, 3, 18, 28, 7, 4, 21, 16, 7, 24, 1, 20, 20, 3, 4, 20, 12, 26, 6, 9, 22, 9, 5, 24, 32, 31, 3, 12, 7, 24, 1, 33, 3, 26, 8, 17, 26, 10, 17, 1, 1, 1, 32, 28, 22, 7, 16, 3, 12, 7, 20, 34, 1, 30, 7, 20, 3, 26, 26, 26, 23, 35, 10, 7, 31, 24, 14, 7, 4, 24, 16, 28, 12, 11, 7]


       ‖ N_tst   N_tst
========================
F_mob  ‖ <       <       
------------------------
N_tst  ‖         <       

Vertical_support: 0.889
Indices_supporting: [4, 20, 34, 3, 12, 17, 34, 12, 5, 17, 22, 32, 6, 22, 28, 23, 10, 7, 4, 6, 3, 7, 16, 3, 30, 12, 7, 4, 24, 29, 3, 12, 5, 4, 7, 1, 25, 31, 11, 10, 27, 31, 6, 4, 26, 3, 2, 30, 12, 12, 8, 17, 26, 9, 26, 22, 18, 17, 27, 24, 28, 6, 3, 15, 12, 7, 24, 23, 1, 16, 20, 3, 12, 3, 5, 3, 17, 3, 12, 17, 31, 1, 8, 27, 20, 1, 16, 0, 16, 1, 16, 30, 7, 4, 3, 32, 9, 18, 22, 10, 26, 23, 35, 31, 7, 6, 31, 14, 1, 1, 4, 20, 16, 12, 6, 3, 12, 9, 7]


       ‖ R_mob
================
F_mob  ‖ m       

Vertical_support: 0.889
Indices_supporting: [33, 32, 35, 9, 6, 25, 5, 30, 5, 1, 0, 35, 35, 5, 2, 31, 24, 1, 14, 32, 3, 2, 32, 1, 15, 27, 7, 24, 34, 1, 16, 33, 12, 3, 0, 14, 30, 31, 9, 23, 26, 32, 34, 14, 31, 25, 2, 2, 14, 16, 33, 18, 2, 1, 7, 6, 16, 32, 12, 9, 24, 5, 4, 31, 9, 22, 1, 35, 25, 2, 34, 11, 30, 26, 8, 1, 15, 33, 7, 23, 23, 16, 2, 18, 21, 23, 16, 9, 9, 25, 24, 18, 34, 12, 1, 35, 32, 34, 18, 1, 34, 1, 10, 31, 1, 12, 14, 23, 33, 30, 29, 12, 8, 24, 18, 0, 23, 35, 17, 14, 34, 27, 26, 32, 6, 5, 22, 27, 24, 33, 27, 16, 32, 25, 35, 8, 24]


       ‖ R_mob
================
S_mob  ‖ m       

Vertical_support: 0.889
Indices_supporting: [5, 27, 31, 30, 35, 0, 10, 16, 13, 28, 13, 28, 25, 26, 11, 22, 26, 8, 15, 24, 33, 33, 7, 14, 20, 9, 7, 7, 26, 29, 35, 5, 3, 22, 28, 25, 14, 5, 12, 15, 4, 9, 23, 13, 14, 20, 22, 23, 22, 28, 18, 6, 24, 25, 11, 18, 14, 8, 14, 17, 23, 0, 33, 35, 6, 34, 31, 18, 8, 21, 22]


       ‖ R_mob
================
S_mob  ‖ <       

Vertical_support: 0.889
Indices_supporting: [33, 13, 9, 5, 26, 5, 14, 9, 35, 28, 2, 31, 32, 3, 32, 24, 15, 27, 7, 34, 33, 3, 0, 8, 30, 35, 9, 23, 25, 22, 2, 18, 2, 1, 7, 6, 16, 12, 4, 22, 26, 8, 15, 7, 23, 16, 28, 24, 21, 9, 24, 34, 12, 13, 32, 18, 1, 12, 23, 33, 30, 28, 18, 33, 20, 0, 23, 35, 14, 4, 17, 14, 27, 9, 23, 26, 6, 5, 27, 33, 25, 8, 24]


       ‖ R_mob
================
F_mob  ‖ <       

Vertical_support: 0.861
Indices_supporting: [35, 13, 9, 26, 30, 26, 1, 35, 9, 35, 5, 2, 5, 1, 14, 32, 2, 32, 25, 24, 1, 8, 7, 24, 27, 17, 1, 16, 12, 35, 0, 31, 30, 0, 26, 23, 14, 31, 2, 2, 14, 33, 16, 32, 9, 24, 5, 9, 23, 1, 6, 2, 26, 1, 23, 23, 16, 13, 25, 2, 21, 23, 7, 7, 16, 25, 25, 18, 34, 12, 1, 13, 32, 34, 6, 18, 34, 14, 1, 23, 28, 12, 24, 33, 33, 20, 23, 22, 35, 4, 34, 14, 27, 23, 32, 18, 11, 24, 33]


       ‖ S_mob   F_mob
========================
N_tst  ‖ <       <       
------------------------
S_mob  ‖         m       

Vertical_support: 0.861
Indices_supporting: [33, 8, 20, 10, 7, 20, 33, 3, 31, 3, 2, 21, 4, 1, 29, 28, 17, 16, 12, 18, 24, 5, 30, 27, 24, 12, 17, 16, 0, 32, 6, 15, 8, 17, 4, 0, 1, 8, 3, 26, 35, 23, 26, 18, 22, 3, 27, 34, 21, 14]


       ‖ N_tst   R_mob
========================
N_tst  ‖ <       <       
------------------------
N_tst  ‖         <       

Vertical_support: 0.861
Indices_supporting: [13, 25, 5, 30, 26, 8, 5, 1, 28, 5, 31, 1, 3, 22, 32, 1, 7, 24, 17, 16, 1, 12, 3, 31, 26, 23, 31, 25, 22, 2, 2, 14, 7, 1, 7, 6, 16, 32, 12, 5, 31, 18, 34, 11, 30, 23, 28, 25, 21, 7, 7, 16, 9, 24, 18, 12, 1, 34, 6, 14, 1, 10, 31, 31, 12, 33, 30, 28, 24, 20, 0, 22, 4, 17, 26, 22, 22, 5, 24, 16]


       ‖ F_mob   R_mob
========================
R_mob  ‖ m       <       
------------------------
F_mob  ‖         m       

Vertical_support: 0.833
Indices_supporting: [33, 32, 35, 25, 30, 1, 0, 35, 5, 31, 24, 1, 14, 3, 2, 1, 27, 24, 34, 1, 16, 12, 14, 31, 26, 23, 32, 34, 14, 31, 2, 14, 33, 16, 7, 6, 32, 9, 24, 5, 9, 22, 1, 25, 2, 34, 11, 30, 26, 1, 15, 23, 2, 18, 23, 16, 9, 25, 24, 18, 1, 35, 34, 18, 1, 34, 10, 31, 1, 14, 12, 30, 29, 12, 8, 24, 35, 34, 17, 32, 6, 5, 24, 16, 35]


       ‖ S_mob
================
R_mob  ‖ m       

Vertical_support: 0.833
Indices_supporting: [23, 34, 34, 14, 28, 18, 24, 28, 4, 26, 1, 7, 8, 8, 25, 6, 9, 35, 15, 35, 0, 20, 24, 7, 30, 33, 20, 1, 13, 13, 29, 31, 28, 9, 25, 15, 22, 28, 25, 8, 7, 5, 11, 18, 26, 14, 33, 33, 3, 26, 10, 5, 12, 9, 14, 15, 18, 5, 21]


       ‖ S_mob
================
S_mob  ‖ <       

Vertical_support: 0.806
Indices_supporting: [21, 0, 26, 0, 18, 35, 28, 27, 14, 24, 29, 28, 33, 3, 33, 26, 9, 5, 23, 14, 10, 27, 7, 15, 27, 20, 13, 2, 14, 33, 23, 25, 22, 28, 23, 20, 22, 4, 4, 20, 3, 6, 17, 7, 20, 17, 35, 9, 8, 22, 11, 27, 23, 14, 28, 27, 7, 3, 24, 17, 26, 8, 8, 17, 9, 35, 0, 27, 22, 13, 31, 28, 25, 13, 21, 0, 8, 24]


       ‖ N_tst   N_tst
========================
S_mob  ‖ <       <       
------------------------
N_tst  ‖         <       

Vertical_support: 0.806
Indices_supporting: [4, 20, 17, 17, 1, 3, 13, 12, 12, 17, 31, 23, 1, 17, 10, 26, 20, 28, 6, 22, 22, 28, 7, 21, 30, 28, 4, 20, 28, 3, 4, 20, 20, 32, 29, 3, 32, 4, 26, 7, 22, 28, 11, 10, 16, 3, 22, 18, 2, 28, 7, 4, 29, 7, 20, 20, 3, 2, 20, 11, 26, 9, 26, 6, 17, 27, 5, 4, 31, 28, 6, 3, 7, 23, 33, 20, 26, 21, 8, 5, 8, 3, 26, 26, 3, 10, 12, 28, 1, 28, 20, 22, 28, 3, 27, 7, 4, 20, 1, 3, 16, 7, 20, 16, 4, 20, 3, 26, 8, 22, 18, 23, 28, 10, 16, 14, 7, 20, 20, 28, 11]


       ‖ F_mob   F_mob
========================
R_mob  ‖ m       <       
------------------------
F_mob  ‖         <       

Vertical_support: 0.778
Indices_supporting: [1, 32, 9, 34, 14, 32, 1, 34, 23, 23, 23, 32, 12, 23, 9, 16, 18, 14, 8, 5, 17, 27, 35, 31, 1, 27, 0, 16, 14, 25, 24, 32, 18, 35, 34, 33, 24, 17, 13, 22, 34, 2, 7, 35, 33, 24, 2, 1, 14, 24, 25, 35, 34, 1, 30, 12, 35, 9, 31, 23, 23, 5, 27, 2, 24, 7, 6, 3, 22, 21, 4, 30, 24, 1, 16, 12, 5, 24, 14, 31, 1, 23, 8, 27, 3, 2, 16]


       ‖ F_mob   N_tst
========================
R_mob  ‖ m       <       
------------------------
F_mob  ‖         <       

Vertical_support: 0.778
Indices_supporting: [34, 17, 5, 23, 6, 22, 2, 11, 1, 7, 7, 3, 3, 30, 30, 14, 12, 23, 7, 12, 9, 5, 34, 23, 1, 1, 25, 5, 14, 27, 23, 32, 31, 18, 16, 24, 7, 1, 33, 25, 3, 12, 22, 4, 26, 6, 22, 35, 24, 32, 32, 31, 3, 12, 24, 7, 1, 3, 16, 8, 34, 14, 17, 27, 17, 1, 1, 35, 32, 33, 16, 3, 12, 9, 7, 1, 30, 3, 26, 5, 13, 26, 23, 24, 35, 2, 31, 2, 14, 24, 16, 25, 12, 24]


       ‖ R_mob   N_tst
========================
F_mob  ‖ m       <       
------------------------
R_mob  ‖         <       

Vertical_support: 0.778
Indices_supporting: [4, 34, 18, 34, 12, 8, 5, 22, 32, 1, 10, 6, 3, 30, 14, 12, 7, 4, 32, 24, 12, 5, 34, 34, 1, 7, 25, 5, 31, 14, 23, 31, 6, 2, 4, 24, 1, 33, 30, 12, 9, 12, 22, 34, 26, 9, 22, 35, 18, 1, 24, 3, 12, 24, 23, 1, 3, 16, 32, 21, 14, 26, 17, 1, 1, 32, 24, 1, 16, 16, 12, 9, 1, 7, 35, 0, 32, 9, 18, 5, 10, 24, 33, 31, 7, 2, 31, 2, 1, 7, 4, 16, 25, 24, 6, 9, 7]


       ‖ R_mob   F_mob
========================
S_mob  ‖ m       <       
------------------------
R_mob  ‖         m       

Vertical_support: 0.778
Indices_supporting: [12, 35, 0, 15, 16, 22, 25, 30, 34, 23, 26, 14, 23, 0, 7, 25, 31, 3, 11, 8, 5, 21, 33, 5, 27, 23, 25, 6, 13, 10, 5, 24, 14, 7, 6, 31, 35, 18, 15, 29, 14, 18, 17]


       ‖ F_mob   N_tst
========================
S_mob  ‖ m       <       
------------------------
F_mob  ‖         <       

Vertical_support: 0.778
Indices_supporting: [8, 27, 17, 14, 1, 24, 9, 0, 4, 1, 13, 28, 2, 16, 12, 12, 17, 31, 27, 16, 23, 27, 33, 17, 4, 10, 20, 29, 20, 3, 2, 21, 28, 28, 27, 8, 8, 30, 3, 26, 26, 4, 10, 16, 3, 2, 12, 14, 9, 0, 17, 4, 20, 20, 7, 32, 20, 29, 0, 3, 32, 2, 22, 4, 27, 34]


       ‖ F_mob   R_mob
========================
N_tst  ‖ <       <       
------------------------
F_mob  ‖         m       

Vertical_support: 0.778
Indices_supporting: [32, 9, 25, 5, 30, 5, 1, 35, 35, 31, 1, 14, 3, 2, 32, 1, 24, 7, 1, 16, 12, 3, 31, 26, 9, 23, 14, 31, 25, 2, 2, 14, 33, 16, 18, 1, 7, 6, 16, 32, 5, 1, 25, 2, 34, 11, 30, 23, 2, 21, 16, 24, 18, 12, 1, 34, 18, 1, 10, 31, 1, 12, 23, 33, 30, 12, 24, 0, 34, 14, 17, 27, 26, 5, 22, 24, 33, 35, 24]


       ‖ R_mob   F_mob
========================
N_tst  ‖ <       <       
------------------------
R_mob  ‖         m       

Vertical_support: 0.778
Indices_supporting: [30, 26, 1, 0, 35, 32, 9, 8, 34, 14, 23, 3, 1, 34, 1, 16, 12, 12, 5, 24, 16, 9, 16, 18, 18, 5, 17, 16, 5, 1, 32, 7, 6, 14, 9, 11, 24, 21, 3, 0, 34, 24, 30, 31, 14, 32, 15, 1, 27, 24, 0, 34, 1, 9, 22, 31, 10, 5, 14, 7, 6, 2, 16, 18, 24, 12, 7, 12, 11, 34, 30, 24, 14, 16, 12, 32, 31, 8, 5, 31, 27, 1, 23, 2, 16]


       ‖ R_mob   F_mob
========================
F_mob  ‖ m       <       
------------------------
R_mob  ‖         m       

Vertical_support: 0.75
Indices_supporting: [18, 30, 26, 1, 32, 9, 8, 34, 14, 32, 1, 34, 18, 33, 1, 23, 16, 32, 12, 12, 23, 16, 9, 16, 18, 33, 8, 5, 17, 5, 27, 27, 1, 32, 6, 14, 9, 25, 24, 3, 35, 0, 34, 33, 18, 24, 30, 32, 31, 2, 35, 14, 35, 32, 24, 1, 14, 27, 24, 0, 25, 35, 34, 1, 9, 35, 22, 31, 27, 23, 5, 2, 16, 2, 24, 7, 6, 12, 11, 22, 34, 30, 24, 1, 16, 12, 32, 2, 1, 34, 31, 14, 23, 1, 9, 23, 2, 16, 32, 33]


       ‖ R_mob   N_tst
========================
S_mob  ‖ m       <       
------------------------
R_mob  ‖         <       

Vertical_support: 0.75
Indices_supporting: [5, 17, 7, 7, 23, 20, 31, 10, 3, 6, 21, 3, 7, 18, 23, 11, 33, 5, 10, 16, 26, 20, 26, 22, 26, 18, 6, 22, 8, 22, 14, 12, 26, 8, 15, 7, 18, 35, 21, 30, 7, 23, 27, 35, 20, 20, 28, 10, 16, 28, 24, 28, 20, 33, 11, 26, 24, 14, 23, 22, 28, 26, 20, 9, 6, 28, 31, 3, 11, 34]


       ‖ S_mob   F_mob
========================
R_mob  ‖ <       <       
------------------------
S_mob  ‖         m       

Vertical_support: 0.722
Indices_supporting: [8, 7, 27, 33, 3, 35, 31, 2, 21, 4, 1, 28, 0, 16, 5, 24, 30, 23, 23, 12, 32, 32, 9, 17, 27, 8, 3, 23, 5, 13, 22, 27, 34, 14]


       ‖ S_mob   F_mob
========================
F_mob  ‖ m       <       
------------------------
S_mob  ‖         m       

Vertical_support: 0.722
Indices_supporting: [8, 7, 27, 33, 3, 35, 3, 2, 21, 4, 2, 2, 17, 25, 32, 0, 16, 6, 24, 5, 27, 0, 23, 23, 24, 12, 0, 16, 17, 32, 6, 9, 32, 9, 27, 15, 17, 4, 27, 0, 27, 8, 35, 23, 5, 13, 18, 22, 3, 27, 34, 14]


       ‖ S_mob   N_tst
========================
F_mob  ‖ m       <       
------------------------
S_mob  ‖         <       

Vertical_support: 0.722
Indices_supporting: [20, 17, 23, 27, 14, 20, 8, 16, 7, 6, 13, 3, 32, 5, 6, 12, 28, 6, 17, 15, 11, 16, 7, 23, 11, 27, 17, 17, 32, 33, 3, 20, 4, 12, 8, 20, 22, 3, 22, 28, 27, 23, 5, 13, 3, 23, 7, 26, 16, 3, 6, 3, 3, 2, 4, 0, 17, 20, 26, 35, 20, 23, 7, 21, 3, 32, 22, 2, 17, 22, 4, 27, 34]


       ‖ S_mob   N_tst
========================
N_tst  ‖ <       <       
------------------------
S_mob  ‖         <       

Vertical_support: 0.722
Indices_supporting: [4, 20, 17, 3, 12, 17, 28, 22, 22, 28, 23, 33, 28, 10, 7, 20, 28, 3, 20, 7, 21, 3, 5, 4, 26, 7, 13, 28, 14, 10, 22, 1, 6, 22, 7, 21, 4, 20, 26, 3, 9, 4, 20, 17, 26, 12, 22, 27, 5, 14, 32, 28, 15, 7, 23, 33, 8, 3, 20, 26, 3, 3, 2, 1, 22, 28, 27, 7, 16, 20, 16, 5, 4, 3, 20, 26, 8, 10, 6, 1, 24, 7, 4, 20, 28, 12, 7]


       ‖ F_mob   S_mob
========================
N_tst  ‖ <       <       
------------------------
F_mob  ‖         m       

Vertical_support: 0.722
Indices_supporting: [21, 27, 7, 26, 20, 32, 3, 9, 17, 10, 3, 18, 35, 17, 4, 20, 24, 27, 3, 6, 12, 6, 34, 17, 17, 22, 29, 5, 31, 14, 2, 23, 7, 32, 22, 28, 5, 8, 23]


       ‖ F_mob   S_mob
========================
R_mob  ‖ m       <       
------------------------
F_mob  ‖         m       

Vertical_support: 0.694
Indices_supporting: [23, 0, 16, 7, 21, 4, 33, 32, 3, 9, 17, 32, 18, 9, 27, 33, 27, 24, 13, 6, 22, 12, 8, 34, 14, 35, 2, 5, 14, 23, 23, 7, 0, 32, 22, 0, 25, 5, 8, 23]


       ‖ N_tst   F_mob
========================
R_mob  ‖ <       <       
------------------------
N_tst  ‖         <       

Vertical_support: 0.694
Indices_supporting: [24, 5, 20, 17, 7, 20, 1, 7, 35, 32, 6, 3, 31, 2, 21, 1, 24, 30, 2, 16, 12, 28, 32, 7, 14, 25, 1, 34, 5, 1, 31, 12, 1, 23, 32, 18, 34, 23, 31, 24, 8, 3, 26, 7, 23, 6, 16, 27, 18]


       ‖ R_mob   F_mob
========================
R_mob  ‖ <       <       
------------------------
R_mob  ‖         m       

Vertical_support: 0.694
Indices_supporting: [2, 18, 24, 30, 5, 17, 1, 35, 7, 15, 32, 6, 9, 24, 25, 1, 14, 14, 22, 34, 24, 30, 27, 24, 1, 26, 14, 16, 12, 32, 7, 25, 14, 35, 25, 1, 1, 5, 24, 8, 34, 34, 14, 31, 1, 23, 23, 35, 18, 12, 35, 18, 34, 33, 31, 24, 23, 5, 24, 23, 23, 9, 2, 7, 16, 6, 18, 16, 2]


       ‖ S_mob   N_tst
========================
R_mob  ‖ m       <       
------------------------
S_mob  ‖         <       

Vertical_support: 0.694
Indices_supporting: [4, 5, 26, 7, 28, 31, 18, 20, 23, 14, 23, 10, 33, 5, 29, 20, 1, 3, 26, 26, 6, 28, 26, 22, 3, 22, 28, 7, 4, 28, 8, 21, 7, 8, 8, 30, 33, 28, 26, 35, 20, 10, 20, 10, 18, 28, 9, 24, 20, 1, 33, 1, 26, 14, 24, 4, 7, 20, 20, 29, 22, 28, 9, 6, 28, 25, 5, 12, 7]


       ‖ R_mob   S_mob
========================
F_mob  ‖ m       <       
------------------------
R_mob  ‖         m       

Vertical_support: 0.694
Indices_supporting: [34, 23, 14, 4, 1, 7, 25, 6, 35, 15, 0, 33, 24, 1, 29, 31, 9, 15, 25, 33, 7, 8, 18, 26, 3, 10, 5, 12, 21, 30, 5]


       ‖ F_mob   R_mob
========================
S_mob  ‖ m       <       
------------------------
F_mob  ‖         m       

Vertical_support: 0.694
Indices_supporting: [30, 23, 33, 23, 7, 16, 9, 9, 5, 25, 2, 18, 21, 5, 0, 24, 35, 23, 9, 2, 34, 12, 2, 18, 1, 14, 27, 26, 32, 16, 12, 32, 32, 27, 15, 4, 33, 7, 1, 33, 3, 0, 25, 8, 8]


       ‖ N_tst   S_mob
========================
N_tst  ‖ <       <       
------------------------
N_tst  ‖         <       

Vertical_support: 0.694
Indices_supporting: [21, 30, 34, 7, 21, 26, 20, 22, 3, 17, 10, 3, 35, 28, 17, 4, 4, 20, 26, 7, 1, 27, 17, 6, 3, 6, 12, 6, 2, 17, 7, 20, 17, 1, 13, 15, 29, 28, 22, 28, 18, 26, 3, 33, 7, 22, 10, 21, 28, 22, 12, 5, 14, 28]


       ‖ F_mob   S_mob
========================
F_mob  ‖ <       <       
------------------------
F_mob  ‖         m       

Vertical_support: 0.667
Indices_supporting: [27, 16, 33, 32, 3, 9, 0, 32, 17, 3, 9, 10, 35, 33, 17, 4, 27, 17, 24, 3, 22, 12, 6, 34, 27, 17, 22, 29, 8, 5, 31, 14, 2, 27, 13, 32, 22, 0, 24, 23]


       ‖ R_mob   R_mob
========================
F_mob  ‖ m       <       
------------------------
R_mob  ‖         <       

Vertical_support: 0.667
Indices_supporting: [30, 1, 23, 35, 26, 23, 26, 31, 14, 2, 12, 24, 30, 2, 26, 33, 14, 23, 35, 1, 33, 9, 7, 16, 22, 35, 25, 25, 5, 5, 18, 4, 34, 1, 1, 23, 14, 32, 32, 9, 2, 34, 24, 25, 6, 24, 18, 1, 5, 24, 14, 34, 27, 24, 8, 9, 1, 16, 12, 1, 35, 2, 1, 31]


       ‖ F_mob   N_tst
========================
N_tst  ‖ <       <       
------------------------
F_mob  ‖         <       

Vertical_support: 0.667
Indices_supporting: [34, 1, 14, 24, 17, 1, 17, 32, 31, 3, 12, 28, 22, 3, 17, 31, 7, 1, 16, 5, 24, 7, 33, 1, 4, 10, 20, 31, 16, 6, 28, 28, 8, 3, 17, 7, 1, 7, 3, 10, 3, 3, 31, 12, 9, 30, 17, 14, 20, 1, 20, 24, 20, 0, 16, 3, 6, 12, 12, 27]


       ‖ R_mob   N_tst
========================
N_tst  ‖ <       <       
------------------------
R_mob  ‖         <       

Vertical_support: 0.667
Indices_supporting: [5, 34, 7, 7, 24, 20, 1, 21, 3, 10, 16, 3, 12, 34, 1, 5, 31, 24, 1, 5, 10, 0, 22, 3, 9, 16, 22, 26, 2, 18, 22, 21, 31, 8, 22, 12, 4, 26, 15, 7, 21, 7, 24, 1, 26, 31, 28, 3, 28, 10, 30, 12, 9, 12, 1, 7, 34, 4, 1, 26, 26, 7, 24, 4, 16, 22, 28, 6, 24, 5, 3, 34, 24]


       ‖ F_mob   N_tst
========================
F_mob  ‖ <       <       
------------------------
F_mob  ‖         <       

Vertical_support: 0.639
Indices_supporting: [8, 34, 14, 1, 16, 13, 25, 12, 9, 17, 12, 5, 1, 14, 23, 16, 27, 33, 5, 4, 17, 24, 31, 5, 3, 33, 3, 16, 31, 12, 30, 12, 2, 0, 17, 1, 16, 3, 22, 12, 35, 4, 27, 34]


       ‖ N_tst
================
F_mob  ‖ m       

Vertical_support: 0.639
Indices_supporting: [5, 27, 4, 1, 16, 12, 7, 1, 7, 11, 30, 32, 29, 21, 13, 1, 14, 4, 24, 30, 33, 6, 20, 3, 25, 3, 21, 30, 1, 6, 17, 21, 12, 24, 17, 31, 4, 9]


       ‖ F_mob   R_mob   F_mob
================================
R_mob  ‖ m       <       <       
--------------------------------
F_mob  ‖         m       <       
--------------------------------
R_mob  ‖                 m       

Vertical_support: 0.611
Indices_supporting: [2, 24, 5, 17, 1, 35, 7, 32, 6, 9, 24, 1, 14, 14, 34, 22, 24, 30, 27, 24, 1, 16, 12, 32, 25, 14, 35, 25, 1, 1, 24, 34, 34, 31, 14, 1, 23, 35, 18, 12, 35, 18, 34, 33, 31, 24, 23, 23, 2, 16, 9, 16, 2]


       ‖ F_mob   S_mob   F_mob
================================
R_mob  ‖ m       <       <       
--------------------------------
F_mob  ‖         m       <       
--------------------------------
S_mob  ‖                 m       

Vertical_support: 0.611
Indices_supporting: [8, 7, 27, 33, 3, 35, 2, 4, 21, 0, 16, 24, 5, 23, 23, 12, 32, 32, 9, 17, 27, 8, 23, 13, 5, 22, 34, 14]


       ‖ N_tst   R_mob
========================
R_mob  ‖ <       <       
------------------------
N_tst  ‖         <       

Vertical_support: 0.611
Indices_supporting: [23, 28, 26, 31, 25, 24, 2, 26, 24, 14, 1, 7, 7, 16, 22, 28, 9, 24, 5, 1, 26, 7, 1, 6, 9, 16, 32, 12, 22, 34, 32, 5, 22, 24, 7, 24, 23, 1, 12, 10, 16, 3, 34, 31, 18, 11]


       ‖ R_mob   N_tst
========================
R_mob  ‖ <       <       
------------------------
R_mob  ‖         <       

Vertical_support: 0.611
Indices_supporting: [5, 34, 7, 24, 3, 12, 24, 23, 33, 1, 5, 3, 26, 16, 22, 5, 8, 7, 1, 14, 24, 1, 24, 2, 31, 24, 22, 14, 12, 17, 33, 1, 24, 16, 28, 25, 32, 9, 6, 5, 34, 24]


       ‖ F_mob   R_mob
========================
F_mob  ‖ <       <       
------------------------
F_mob  ‖         m       

Vertical_support: 0.611
Indices_supporting: [30, 1, 23, 23, 23, 35, 26, 23, 16, 9, 14, 12, 2, 31, 24, 30, 2, 26, 2, 14, 23, 21, 1, 35, 33, 35, 23, 16, 35, 25, 5, 18, 2, 34, 12, 34, 14, 1, 27, 1, 32, 14, 32, 16, 32, 9, 32, 34, 32, 2, 24, 18, 1, 5, 24, 27, 33, 7, 24, 9, 1, 16, 12, 1, 0, 2, 1, 31]


       ‖ N_tst   R_mob
========================
F_mob  ‖ <       <       
------------------------
N_tst  ‖         <       

Vertical_support: 0.611
Indices_supporting: [23, 0, 23, 16, 23, 26, 25, 31, 30, 2, 14, 1, 16, 22, 5, 18, 12, 4, 1, 23, 32, 16, 32, 9, 34, 24, 6, 1, 5, 14, 24, 7, 17, 1, 16, 31]


       ‖ R_mob   R_mob
========================
S_mob  ‖ m       <       
------------------------
R_mob  ‖         <       

Vertical_support: 0.611
Indices_supporting: [12, 15, 33, 35, 30, 13, 28, 22, 24, 14, 23, 28, 14, 24, 31, 17, 9, 7, 6, 3, 6, 5, 18, 34, 22, 8, 26, 8]


       ‖ R_mob   R_mob
========================
N_tst  ‖ <       <       
------------------------
R_mob  ‖         <       

Vertical_support: 0.611
Indices_supporting: [12, 23, 13, 28, 26, 12, 24, 30, 2, 22, 33, 9, 7, 16, 22, 24, 5, 31, 4, 1, 6, 3, 34, 5, 25, 1, 5, 34, 24, 1, 16, 12, 1, 2, 8, 1, 31]


       ‖ R_mob
================
N_tst  ‖ m       

Vertical_support: 0.611
Indices_supporting: [14, 28, 16, 12, 22, 18, 30, 7, 20, 7, 29, 23, 34, 31, 24, 3, 22, 6, 28, 27, 24, 34, 4, 33, 10, 2, 8]


       ‖ F_mob   R_mob
========================
R_mob  ‖ <       <       
------------------------
F_mob  ‖         m       

Vertical_support: 0.583
Indices_supporting: [30, 1, 33, 23, 9, 14, 31, 25, 2, 24, 2, 23, 16, 25, 24, 34, 18, 1, 14, 26, 7, 6, 16, 12, 34, 32, 5, 33, 24, 7, 1, 12, 3, 26, 8]


       ‖ N_tst
================
R_mob  ‖ m       

Vertical_support: 0.583
Indices_supporting: [34, 3, 0, 13, 31, 5, 31, 11, 14, 31, 34, 22, 7, 30, 30, 17, 35, 4, 6, 14, 5, 12, 1, 14, 20, 28, 32, 3, 18, 7]


       ‖ S_mob   F_mob
========================
F_mob  ‖ <       <       
------------------------
S_mob  ‖         m       

Vertical_support: 0.583
Indices_supporting: [27, 10, 33, 31, 1, 29, 16, 24, 30, 27, 12, 17, 0, 6, 32, 9, 4, 27, 3, 35, 5, 22, 27, 21]


       ‖ R_mob   F_mob
========================
F_mob  ‖ m       <       
------------------------
R_mob  ‖         <       

Vertical_support: 0.583
Indices_supporting: [10, 33, 31, 1, 14, 1, 24, 29, 24, 1, 26, 16, 12, 7, 16, 1, 30, 24, 5, 1, 12, 23, 32, 9, 34, 24, 3, 2, 5, 16, 22, 21]


       ‖ R_mob   S_mob
========================
N_tst  ‖ <       <       
------------------------
R_mob  ‖         m       

Vertical_support: 0.583
Indices_supporting: [34, 4, 26, 8, 8, 1, 7, 25, 24, 7, 20, 1, 13, 13, 29, 31, 28, 9, 22, 28, 25, 33, 26, 3, 26, 5, 14, 9, 21, 30, 28]


       ‖ N_tst   S_mob
========================
F_mob  ‖ <       <       
------------------------
N_tst  ‖         <       

Vertical_support: 0.556
Indices_supporting: [23, 14, 32, 22, 3, 17, 10, 3, 35, 17, 4, 4, 26, 1, 27, 17, 6, 3, 12, 6, 20, 17, 13, 28, 8, 18, 27, 3, 22, 32, 10, 5, 12]


       ‖ N_tst   F_mob
========================
F_mob  ‖ <       <       
------------------------
N_tst  ‖         <       

Vertical_support: 0.556
Indices_supporting: [10, 17, 35, 7, 6, 3, 8, 12, 24, 16, 12, 7, 6, 1, 5, 27, 27, 1, 17, 3, 12, 16, 32, 34, 23, 31, 24, 4, 30, 0, 16, 3, 35, 32, 23, 16, 3, 6]


       ‖ N_tst   N_tst
========================
F_mob  ‖ m       <       
------------------------
N_tst  ‖         <       

Vertical_support: 0.556
Indices_supporting: [4, 20, 17, 1, 7, 20, 1, 4, 31, 3, 3, 9, 17, 12, 5, 1, 30, 14, 24, 33, 4, 32, 31, 20, 3, 12, 21, 4, 11, 1, 4, 25, 31, 30, 4, 30, 4, 20, 1, 7, 4, 20, 16, 7, 6, 12, 21, 6, 24, 4, 7]


       ‖ N_tst   R_mob
========================
S_mob  ‖ <       <       
------------------------
N_tst  ‖         <       

Vertical_support: 0.556
Indices_supporting: [23, 30, 28, 23, 13, 28, 5, 2, 26, 14, 20, 28, 12, 4, 17, 1, 9, 23, 26, 6, 7, 32, 16, 3, 12, 5, 4, 7, 1, 3, 8, 8]


       ‖ N_tst   F_mob
========================
S_mob  ‖ <       <       
------------------------
N_tst  ‖         <       

Vertical_support: 0.556
Indices_supporting: [5, 20, 26, 7, 20, 3, 28, 25, 32, 11, 31, 1, 17, 23, 25, 16, 23, 4, 3, 35, 7, 6, 31, 2, 29, 6, 18, 17]


       ‖ R_mob   F_mob
========================
S_mob  ‖ <       <       
------------------------
R_mob  ‖         m       

Vertical_support: 0.556
Indices_supporting: [18, 35, 5, 30, 26, 32, 22, 27, 0, 32, 34, 8, 31, 1, 23, 9, 16, 12, 33, 23, 24, 5, 2, 33]


       ‖ N_tst   F_mob
========================
N_tst  ‖ <       <       
------------------------
N_tst  ‖         m       

Vertical_support: 0.556
Indices_supporting: [20, 10, 7, 12, 20, 6, 16, 12, 1, 29, 17, 16, 3, 24, 1, 1, 22, 8, 17, 34, 0, 3, 26, 25, 27, 14, 21]


       ‖ F_mob
================
N_tst  ‖ m       

Vertical_support: 0.556
Indices_supporting: [20, 10, 7, 12, 20, 6, 16, 12, 1, 29, 17, 16, 3, 24, 1, 1, 22, 8, 17, 34, 0, 3, 26, 25, 27, 14, 21]


       ‖ S_mob
================
N_tst  ‖ m       

Vertical_support: 0.556
Indices_supporting: [21, 28, 26, 33, 32, 3, 2, 4, 20, 21, 17, 6, 9, 20, 7, 11, 35, 25, 28, 14, 14, 23, 6, 10, 28, 5, 23]


       ‖ S_mob   R_mob
========================
R_mob  ‖ m       <       
------------------------
S_mob  ‖         m       

Vertical_support: 0.528
Indices_supporting: [35, 13, 28, 26, 22, 24, 33, 7, 14, 9, 7, 5, 28, 25, 14, 5, 15, 4, 9, 23, 25, 6, 24, 18, 14, 8, 35, 34, 18, 8]


       ‖ S_mob   S_mob
========================
F_mob  ‖ m       <       
------------------------
S_mob  ‖         <       

Vertical_support: 0.528
Indices_supporting: [27, 23, 22, 0, 3, 18, 35, 17, 4, 26, 27, 17, 3, 6, 27, 7, 20, 17, 22, 13, 28, 8, 2, 11, 27, 13, 23, 0, 24]


       ‖ F_mob   F_mob
========================
F_mob  ‖ <       <       
------------------------
F_mob  ‖         <       

Vertical_support: 0.528
Indices_supporting: [35, 33, 32, 1, 14, 27, 24, 24, 1, 16, 12, 16, 1, 24, 27, 1, 12, 6, 23, 0, 17, 32, 9, 34, 23, 24, 4, 27, 2, 35, 5, 16, 22, 27, 33]


       ‖ R_mob   F_mob   R_mob
================================
F_mob  ‖ m       <       <       
--------------------------------
R_mob  ‖         m       <       
--------------------------------
F_mob  ‖                 m       

Vertical_support: 0.528
Indices_supporting: [1, 23, 35, 26, 23, 14, 12, 31, 2, 24, 30, 2, 14, 23, 1, 35, 33, 16, 35, 25, 5, 18, 34, 1, 1, 14, 32, 32, 9, 2, 34, 24, 18, 1, 5, 24, 27, 24, 9, 1, 16, 12, 1, 2, 1, 31]


       ‖ F_mob   R_mob
========================
S_mob  ‖ <       <       
------------------------
F_mob  ‖         m       

Vertical_support: 0.528
Indices_supporting: [12, 33, 15, 30, 23, 23, 35, 24, 2, 31, 17, 7, 6, 3, 6, 5, 27, 34, 22, 26, 8]


       ‖ F_mob   F_mob
========================
S_mob  ‖ m       <       
------------------------
F_mob  ‖         <       

Vertical_support: 0.528
Indices_supporting: [18, 35, 30, 26, 32, 3, 27, 2, 0, 17, 32, 27, 1, 23, 0, 6, 17, 22, 16, 9, 23, 4, 27, 5, 35, 2, 27, 33]


       ‖ F_mob   S_mob
========================
S_mob  ‖ m       <       
------------------------
F_mob  ‖         m       

Vertical_support: 0.528
Indices_supporting: [21, 27, 26, 20, 10, 0, 3, 35, 17, 4, 20, 27, 17, 3, 6, 17, 27, 17, 22, 29, 8, 31, 2, 27, 13, 28, 0, 24]


       ‖ F_mob   F_mob
========================
N_tst  ‖ <       <       
------------------------
F_mob  ‖         <       

Vertical_support: 0.528
Indices_supporting: [8, 17, 7, 1, 32, 3, 14, 27, 24, 24, 16, 12, 17, 14, 1, 1, 5, 27, 31, 1, 12, 17, 32, 34, 23, 24, 31, 4, 3, 35, 2, 16, 2, 16, 6, 34]


       ‖ F_mob   N_tst
========================
R_mob  ‖ m       <       
------------------------
F_mob  ‖         m       

Vertical_support: 0.5
Indices_supporting: [5, 1, 16, 12, 30, 7, 11, 32, 29, 1, 30, 14, 24, 4, 33, 6, 30, 21, 12, 24, 31, 3, 9]


       ‖ N_tst   S_mob
========================
R_mob  ‖ <       <       
------------------------
N_tst  ‖         <       

Vertical_support: 0.5
Indices_supporting: [21, 23, 34, 23, 7, 21, 26, 20, 10, 24, 4, 20, 24, 12, 8, 1, 22, 28, 27, 26, 3, 7, 33, 5, 22, 28]


       ‖ R_mob   S_mob
========================
R_mob  ‖ <       <       
------------------------
R_mob  ‖         m       

Vertical_support: 0.5
Indices_supporting: [34, 23, 24, 8, 25, 9, 35, 33, 1, 13, 31, 22, 28, 26, 3, 14, 5, 9, 30, 5]


       ‖ S_mob   R_mob
========================
N_tst  ‖ <       <       
------------------------
S_mob  ‖         m       

Vertical_support: 0.5
Indices_supporting: [28, 13, 13, 28, 26, 22, 26, 24, 33, 7, 20, 9, 7, 7, 5, 28, 22, 5, 4, 23, 13, 22, 22, 25, 18, 6, 11, 14, 6, 18, 8]


       ‖ N_tst   N_tst   N_tst
================================
N_tst  ‖ <       <       <       
--------------------------------
N_tst  ‖         <       <       
--------------------------------
N_tst  ‖                 <       

Vertical_support: 0.5
Indices_supporting: [4, 20, 17, 1, 3, 12, 22, 17, 12, 10, 26, 20, 22, 28, 22, 22, 28, 7, 28, 10, 7, 4, 7, 20, 3, 28, 3, 30, 7, 4, 20, 20, 21, 3, 12, 9, 4, 26, 7, 22, 28, 31, 10, 22, 16, 31, 6, 22, 28, 7, 4, 16, 7, 20, 20, 26, 3, 3, 12, 20, 26, 12, 28, 3, 7, 1, 20, 3, 12, 3, 3, 17, 26, 3, 12, 10, 28, 1, 22, 28, 3, 22, 7, 20, 1, 3, 16, 7, 20, 1, 30, 16, 7, 4, 20, 3, 26, 22, 26, 28, 10, 7, 4, 7, 20, 16, 12, 28, 12, 11]


       ‖ F_mob   N_tst
========================
N_tst  ‖ <       <       
------------------------
F_mob  ‖         m       

Vertical_support: 0.5
Indices_supporting: [5, 27, 1, 16, 12, 7, 30, 7, 11, 32, 21, 30, 14, 24, 6, 20, 3, 3, 30, 1, 17, 21, 24, 31, 4]
