93 TIRPs, 167s

       ‖ N_mob
================
N_mob  ‖ <       

Vertical_support: 1.0
Indices_supporting: [4, 21, 20, 17, 17, 30, 32, 29, 26, 26, 20, 0, 17, 35, 12, 9, 26, 8, 5, 19, 18, 21, 17, 22, 31, 30, 26, 2, 1, 1, 17, 10, 10, 26, 25, 19, 28, 28, 3, 2, 22, 15, 31, 28, 10, 7, 4, 23, 1, 16, 30, 33, 7, 7, 20, 16, 16, 15, 32, 28, 3, 33, 15, 30, 30, 8, 5, 4, 21, 20, 0, 14, 16, 29, 9, 7, 25, 21, 16, 8, 22, 21, 17, 34, 30, 26, 16, 6, 22, 19, 34, 31, 28, 28, 5, 1, 27, 7, 7, 23, 24, 16, 29, 33, 7, 6, 3, 2, 16, 12, 28, 7, 21, 18, 2, 24, 33, 29, 7, 4, 24, 3, 16, 16, 33, 29, 24, 21, 34, 15, 8, 21, 4, 0, 14, 34, 13, 26, 32, 13, 10, 8, 22, 22, 18, 11, 28, 27, 26, 33, 10, 26, 23, 23, 2, 33, 28, 24, 3, 18, 15, 11, 4, 21, 17, 1, 30, 32, 29, 26, 3, 12, 9, 6, 12, 24, 21, 26, 29, 17, 30, 12, 8, 8, 4, 1, 20, 17, 13, 10, 9, 26, 27, 22, 35, 34, 8, 22, 2, 19, 14, 28, 31, 10, 26, 27, 1, 10, 6, 3, 20, 14, 28, 25, 29, 15, 10, 27, 21, 23, 3, 20, 20, 12, 29, 29, 21, 3, 3, 16, 12, 12, 12, 5, 4, 21, 20, 21, 22, 24, 33, 29, 7, 3, 0, 16, 17, 13, 12, 35, 35, 34, 8, 5, 22, 1, 31, 27, 7, 9, 26, 35, 31, 28, 10, 9, 22, 2, 2, 28, 25, 7, 24, 33, 15, 8, 7, 7, 6, 10, 20, 16, 16, 20, 12, 24, 26, 28, 29, 6, 29, 35, 15, 12, 9, 22]


      ‖ N_mob
===============
R_se  ‖ <       

Vertical_support: 1.0
Indices_supporting: [4, 21, 20, 17, 17, 32, 29, 26, 35, 0, 0, 17, 12, 9, 8, 5, 19, 18, 21, 17, 31, 26, 1, 1, 17, 10, 23, 25, 19, 15, 31, 28, 10, 7, 1, 1, 33, 7, 7, 20, 16, 32, 3, 33, 15, 30, 21, 20, 0, 14, 16, 32, 29, 9, 7, 21, 16, 25, 8, 22, 21, 17, 26, 16, 6, 34, 31, 5, 1, 27, 7, 23, 24, 27, 16, 33, 35, 7, 6, 2, 16, 12, 28, 7, 18, 33, 33, 7, 4, 24, 16, 16, 33, 24, 21, 15, 8, 0, 14, 31, 13, 34, 26, 13, 10, 22, 10, 23, 23, 28, 24, 3, 18, 15, 11, 4, 21, 30, 32, 29, 3, 12, 9, 12, 29, 24, 21, 34, 12, 8, 1, 20, 13, 9, 26, 35, 34, 8, 19, 1, 27, 6, 15, 10, 27, 20, 12, 3, 3, 16, 12, 12, 12, 24, 4, 21, 20, 21, 33, 7, 3, 0, 16, 17, 13, 12, 35, 25, 35, 34, 5, 22, 1, 31, 9, 31, 10, 22, 2, 2, 25, 7, 15, 8, 7, 24, 6, 20, 16, 16, 12, 29, 6, 35, 15, 12]


      ‖ N_mob
===============
S_se  ‖ <       

Vertical_support: 0.972
Indices_supporting: [4, 20, 17, 17, 30, 29, 9, 26, 26, 20, 0, 17, 29, 19, 18, 30, 2, 1, 10, 10, 23, 25, 26, 19, 28, 6, 22, 31, 28, 10, 7, 1, 30, 7, 7, 16, 32, 28, 3, 33, 30, 8, 5, 4, 29, 9, 7, 25, 16, 22, 17, 34, 30, 16, 6, 19, 28, 28, 27, 7, 23, 27, 16, 35, 7, 3, 21, 2, 29, 7, 4, 3, 16, 29, 34, 31, 0, 14, 31, 13, 32, 13, 10, 8, 22, 22, 18, 11, 28, 27, 26, 10, 26, 33, 28, 3, 11, 4, 1, 29, 3, 29, 26, 6, 24, 17, 30, 12, 8, 4, 1, 20, 13, 26, 34, 22, 2, 19, 1, 14, 28, 10, 26, 1, 10, 20, 2, 14, 28, 25, 29, 21, 10, 21, 20, 20, 12, 29, 29, 21, 3, 3, 16, 12, 22, 21, 29, 7, 3, 0, 17, 35, 13, 31, 26, 35, 31, 28, 10, 9, 22, 2, 28, 24, 33, 10, 7, 7, 20, 29, 26, 29, 6, 9]


      ‖ F_se
==============
S_se  ‖ <      

Vertical_support: 0.972
Indices_supporting: [1, 13, 12, 35, 28, 27, 23, 20, 35, 18, 18, 21, 27, 3, 3, 31, 1, 0, 13, 10, 31, 25, 14, 12, 11, 1, 16, 25, 3, 35, 9, 2, 30, 23, 0, 26, 25, 2, 31, 1, 27, 7, 35, 15, 32, 28, 2, 24, 4, 33, 18, 17, 12, 35, 5, 17, 23, 23, 1, 1, 22, 15, 27, 7, 30, 8, 7, 34, 33, 5, 29, 9, 14, 31, 34, 10, 8, 23, 22, 6, 5, 11, 2, 17, 15]


       ‖ F_se
===============
N_mob  ‖ <      

Vertical_support: 0.972
Indices_supporting: [0, 13, 12, 22, 2, 34, 14, 28, 5, 0, 14, 27, 23, 20, 35, 32, 14, 1, 33, 18, 12, 27, 21, 15, 8, 7, 7, 3, 12, 26, 26, 3, 12, 9, 25, 14, 31, 8, 1, 14, 10, 5, 22, 18, 31, 25, 2, 14, 11, 27, 20, 31, 15, 24, 21, 1, 15, 9, 25, 3, 35, 5, 2, 24, 30, 9, 26, 1, 0, 0, 26, 25, 31, 30, 7, 4, 7, 24, 35, 32, 28, 6, 2, 27, 24, 4, 20, 16, 33, 20, 16, 8, 30, 8, 17, 12, 26, 35, 32, 6, 25, 5, 5, 22, 17, 27, 23, 1, 1, 1, 22, 31, 15, 12, 27, 7, 24, 1, 16, 16, 30, 28, 0, 15, 15, 7, 17, 33, 15, 34, 26, 5, 29, 9, 9, 8, 18, 34, 14, 27, 10, 26, 8, 23, 22, 23, 1, 23, 33, 7, 6, 5, 18, 31, 11, 2, 2, 17, 32, 33, 24]


       ‖ R_se
===============
N_mob  ‖ <      

Vertical_support: 0.972
Indices_supporting: [18, 23, 34, 1, 3, 35, 9, 25, 8, 35, 34, 14, 11, 26, 2, 1, 12, 27, 24, 21, 4, 6, 3, 13, 32, 12, 21, 8, 24, 17, 17, 33, 12, 5, 8, 5, 1, 17, 10, 7, 23, 2, 18, 27, 14, 10, 27, 22, 1, 1, 16, 28, 3, 0, 9, 20, 7, 1, 6, 0, 17, 20, 12, 26, 29, 0, 33, 30, 12, 8, 5, 4, 34, 33, 22, 35, 31, 9, 1, 14, 6, 16, 31, 25, 25, 2, 15, 12, 27, 24, 23, 23, 24, 33, 7, 17, 16, 15, 32, 32, 26, 35, 34, 25, 35, 31, 15, 10, 12, 34, 14, 11, 7, 23, 16, 18, 24, 2, 33, 15, 14, 33, 9, 11, 24, 16, 30, 30, 8, 1, 0, 14, 32, 6, 25, 5, 22, 18, 22, 31, 27, 0, 6, 6, 15, 31, 24, 1, 27, 16, 13, 21, 15, 8, 24]


      ‖ N_mob
===============
F_se  ‖ <       

Vertical_support: 0.972
Indices_supporting: [4, 21, 20, 17, 30, 32, 9, 26, 26, 20, 0, 0, 0, 35, 12, 9, 26, 8, 5, 22, 18, 29, 17, 30, 2, 1, 1, 17, 10, 26, 23, 28, 28, 6, 3, 2, 22, 15, 31, 28, 7, 23, 1, 16, 30, 7, 7, 20, 16, 16, 15, 28, 15, 30, 5, 4, 21, 20, 16, 9, 7, 25, 21, 25, 8, 21, 17, 30, 26, 6, 22, 31, 28, 5, 1, 27, 7, 7, 23, 27, 33, 35, 7, 6, 3, 16, 12, 28, 7, 24, 18, 2, 33, 33, 7, 4, 24, 3, 16, 33, 29, 24, 21, 34, 15, 8, 21, 4, 14, 31, 26, 32, 13, 8, 22, 22, 18, 11, 28, 27, 26, 26, 23, 2, 33, 28, 24, 18, 15, 21, 1, 30, 32, 29, 3, 12, 9, 6, 12, 24, 21, 26, 34, 30, 12, 8, 4, 1, 20, 27, 26, 22, 34, 22, 14, 28, 31, 27, 26, 1, 10, 20, 2, 32, 14, 28, 25, 15, 10, 27, 21, 23, 3, 20, 20, 29, 29, 3, 16, 12, 12, 12, 24, 4, 21, 20, 21, 29, 7, 0, 16, 17, 13, 12, 25, 35, 34, 5, 22, 1, 31, 26, 31, 28, 10, 9, 2, 25, 24, 15, 8, 7, 10, 6, 20, 0, 16, 16, 24, 12, 26, 28, 6, 35, 15, 12, 9]


      ‖ S_se
==============
F_se  ‖ <      

Vertical_support: 0.972
Indices_supporting: [16, 33, 32, 34, 30, 8, 22, 35, 31, 5, 11, 27, 28, 3, 29, 24, 12, 14, 34, 16, 23, 35, 30, 27, 9, 26, 35, 35, 22, 31, 32, 10, 18, 25, 30, 20, 9, 12, 22, 17, 11, 6, 8, 35, 34, 11, 2, 15, 27, 22, 32, 7, 7, 0, 0, 25, 35, 14, 23, 0, 9, 18, 13, 6, 28, 3, 1, 7, 4, 33, 32, 7, 6, 2, 31, 8, 20, 26, 26, 21, 15, 2, 4, 11, 13, 22, 14, 23, 7, 3, 0, 27, 7]


      ‖ F_se
==============
R_se  ‖ <      

Vertical_support: 0.972
Indices_supporting: [0, 33, 1, 13, 12, 18, 34, 14, 0, 13, 27, 23, 35, 32, 34, 2, 23, 1, 14, 12, 27, 15, 8, 7, 3, 12, 26, 3, 0, 9, 25, 5, 34, 14, 31, 1, 35, 0, 14, 10, 5, 22, 18, 14, 31, 11, 31, 6, 15, 11, 21, 15, 32, 9, 25, 3, 9, 24, 18, 30, 27, 9, 23, 1, 0, 25, 14, 30, 1, 35, 14, 7, 35, 15, 32, 32, 6, 2, 27, 20, 34, 16, 33, 20, 16, 25, 25, 18, 30, 8, 27, 17, 12, 32, 6, 25, 5, 27, 23, 23, 1, 1, 15, 2, 15, 12, 7, 24, 24, 1, 16, 28, 7, 17, 34, 15, 34, 26, 13, 29, 23, 31, 9, 8, 14, 27, 10, 26, 8, 23, 22, 23, 7, 6, 18, 18, 15, 11, 27, 4, 2, 32, 32, 15]


      ‖ F_se
==============
S_se  ‖ m      

Vertical_support: 0.944
Indices_supporting: [0, 31, 12, 22, 2, 14, 11, 28, 0, 27, 2, 25, 7, 7, 26, 3, 0, 25, 5, 34, 27, 1, 35, 14, 10, 22, 18, 2, 21, 20, 29, 6, 11, 9, 3, 5, 18, 9, 26, 26, 6, 25, 35, 7, 4, 24, 8, 33, 20, 9, 30, 8, 27, 28, 22, 27, 1, 22, 31, 30, 27, 7, 16, 28, 14, 13, 29, 23, 31, 9, 8, 27, 10, 26, 33, 15, 4, 32]


       ‖ S_se
===============
N_mob  ‖ <      

Vertical_support: 0.944
Indices_supporting: [16, 33, 15, 10, 27, 34, 31, 30, 8, 22, 31, 11, 27, 28, 10, 23, 3, 29, 12, 16, 35, 9, 30, 27, 9, 9, 26, 22, 32, 10, 29, 30, 20, 9, 25, 22, 12, 22, 17, 17, 11, 6, 34, 8, 2, 27, 22, 13, 32, 33, 7, 7, 3, 0, 25, 18, 35, 1, 16, 29, 23, 0, 2, 18, 19, 28, 10, 28, 27, 3, 1, 8, 7, 4, 4, 33, 32, 7, 6, 18, 8, 20, 26, 26, 21, 15, 30, 2, 17, 13, 24, 22, 16, 23, 1, 33, 7, 3, 9, 3, 2, 30, 12, 8, 7]


      ‖ R_se
==============
F_se  ‖ m      

Vertical_support: 0.944
Indices_supporting: [18, 23, 34, 1, 35, 9, 6, 25, 18, 8, 34, 14, 24, 26, 2, 2, 1, 12, 14, 27, 24, 21, 23, 32, 4, 2, 32, 12, 32, 21, 34, 8, 24, 33, 34, 15, 5, 18, 18, 23, 5, 23, 1, 7, 25, 25, 18, 32, 27, 5, 2, 15, 14, 10, 27, 23, 22, 1, 1, 16, 28, 3, 0, 2, 15, 9, 27, 4, 20, 15, 30, 8, 7, 1, 6, 0, 17, 13, 20, 12, 26, 18, 0, 32, 33, 12, 5, 34, 14, 22, 35, 35, 9, 25, 5, 2, 18, 31, 23, 1, 14, 6, 16, 31, 25, 25, 0, 15, 12, 14, 15, 27, 24, 24, 23, 33, 8, 7, 6, 35, 17, 15, 32, 32, 25, 26, 5, 35, 0, 34, 25, 35, 31, 12, 18, 34, 14, 11, 31, 14, 23, 16, 32, 24, 2, 33, 15, 14, 9, 24, 16, 30, 23, 0, 14, 9, 6, 25, 5, 22, 18, 0, 32, 31, 35, 0, 14, 14, 15, 27, 0, 13, 6, 15, 31, 27, 1, 27, 33, 25, 21, 15, 11, 8, 24]


      ‖ F_se
==============
F_se  ‖ <      

Vertical_support: 0.944
Indices_supporting: [0, 33, 13, 12, 18, 34, 14, 28, 5, 0, 14, 13, 27, 23, 20, 35, 32, 32, 32, 34, 2, 14, 24, 23, 1, 14, 18, 12, 25, 27, 21, 15, 8, 7, 7, 27, 3, 12, 26, 3, 0, 0, 32, 35, 12, 9, 6, 25, 5, 34, 14, 14, 31, 8, 1, 35, 0, 0, 14, 10, 5, 18, 14, 31, 25, 2, 14, 11, 27, 31, 6, 15, 11, 11, 24, 21, 1, 15, 32, 9, 25, 25, 9, 24, 2, 30, 27, 9, 23, 23, 26, 1, 0, 0, 26, 6, 2, 14, 31, 30, 14, 27, 24, 4, 32, 32, 32, 28, 6, 27, 24, 4, 20, 34, 16, 33, 20, 16, 9, 25, 8, 25, 18, 33, 30, 8, 27, 17, 26, 35, 32, 6, 25, 5, 5, 22, 27, 23, 23, 1, 1, 1, 22, 15, 2, 12, 27, 7, 24, 24, 1, 16, 16, 30, 28, 15, 15, 8, 7, 17, 34, 15, 26, 5, 13, 9, 23, 14, 31, 9, 8, 18, 14, 27, 26, 23, 23, 22, 23, 1, 33, 7, 25, 5, 18, 18, 15, 31, 27, 4, 2, 15, 32, 32, 25, 24, 33, 15]


      ‖ R_se
==============
F_se  ‖ <      

Vertical_support: 0.944
Indices_supporting: [18, 23, 34, 1, 3, 9, 6, 25, 8, 23, 14, 11, 9, 26, 2, 1, 14, 27, 23, 32, 4, 6, 3, 2, 13, 32, 12, 17, 33, 30, 34, 15, 12, 5, 18, 23, 5, 23, 1, 23, 25, 18, 5, 15, 14, 10, 27, 1, 1, 16, 0, 15, 9, 27, 4, 15, 7, 20, 17, 0, 0, 13, 29, 32, 0, 30, 12, 8, 31, 9, 25, 23, 5, 1, 14, 6, 31, 2, 12, 14, 27, 24, 23, 23, 8, 15, 32, 32, 34, 35, 0, 25, 31, 12, 18, 34, 14, 31, 34, 35, 7, 18, 32, 2, 33, 14, 11, 24, 16, 30, 1, 22, 22, 32, 0, 14, 14, 27, 35, 32, 6, 35, 15, 31, 27, 24, 1, 25, 21, 15, 11, 8]


      ‖ R_se
==============
S_se  ‖ <      

Vertical_support: 0.917
Indices_supporting: [18, 23, 34, 1, 35, 9, 25, 14, 11, 9, 2, 12, 21, 4, 6, 13, 32, 8, 24, 33, 30, 5, 23, 5, 16, 2, 14, 10, 23, 22, 1, 0, 2, 9, 4, 20, 30, 8, 7, 1, 20, 29, 0, 30, 14, 22, 35, 35, 31, 18, 31, 5, 6, 31, 25, 15, 11, 27, 24, 23, 33, 7, 6, 17, 32, 26, 0, 25, 35, 15, 10, 12, 14, 11, 18, 2, 9, 11, 16, 30, 8, 9, 6, 25, 5, 22, 18, 22, 35, 31, 15, 27, 6, 27, 8]


      ‖ S_se
==============
F_se  ‖ m      

Vertical_support: 0.917
Indices_supporting: [8, 16, 4, 27, 32, 9, 7, 9, 13, 26, 32, 35, 6, 1, 31, 33, 8, 20, 7, 32, 22, 3, 0, 26, 26, 25, 29, 18, 30, 5, 4, 27, 30, 24, 14, 20, 10, 28, 23, 29, 24, 14, 2, 23, 11, 1, 2, 11, 17, 17, 33, 34, 3, 13, 28, 9, 35, 9, 27, 30, 12, 27]


      ‖ R_se
==============
R_se  ‖ <      

Vertical_support: 0.917
Indices_supporting: [18, 23, 1, 6, 25, 25, 18, 8, 23, 34, 14, 9, 26, 2, 1, 15, 12, 14, 27, 24, 23, 32, 6, 3, 2, 13, 32, 12, 32, 25, 21, 34, 24, 17, 33, 30, 34, 15, 12, 5, 18, 18, 8, 5, 23, 23, 1, 1, 7, 23, 25, 25, 2, 16, 0, 18, 32, 5, 2, 15, 27, 23, 1, 16, 0, 15, 27, 4, 15, 8, 7, 1, 6, 0, 0, 13, 17, 12, 20, 26, 32, 18, 0, 12, 5, 4, 34, 33, 35, 35, 9, 25, 5, 2, 18, 18, 31, 23, 1, 14, 16, 16, 31, 25, 2, 15, 12, 14, 11, 15, 27, 23, 8, 6, 17, 16, 15, 32, 25, 34, 15, 5, 35, 0, 34, 25, 35, 31, 15, 10, 12, 18, 34, 31, 11, 34, 14, 7, 23, 16, 18, 32, 24, 2, 33, 15, 14, 33, 9, 11, 24, 16, 30, 30, 8, 1, 0, 14, 32, 9, 6, 25, 22, 35, 0, 32, 0, 14, 14, 15, 35, 32, 13, 6, 6, 35, 15, 31, 27, 24, 1, 27, 16, 13, 33, 25, 21, 15, 11, 24]


      ‖ S_se
==============
S_se  ‖ <      

Vertical_support: 0.889
Indices_supporting: [30, 7, 4, 15, 9, 7, 13, 6, 10, 15, 26, 32, 25, 1, 31, 22, 18, 30, 34, 7, 8, 31, 7, 35, 22, 10, 26, 29, 30, 5, 11, 27, 17, 30, 11, 13, 16, 20, 10, 28, 29, 3, 25, 29, 9, 16, 2, 12, 18, 22, 11, 1, 16, 11, 17, 19, 33, 16, 3, 10, 28, 6, 3, 0, 27, 12, 7]


       ‖ N_mob   N_mob
========================
N_mob  ‖ <       <       
------------------------
N_mob  ‖         <       

Vertical_support: 0.889
Indices_supporting: [21, 20, 17, 17, 30, 29, 26, 26, 20, 35, 29, 26, 12, 22, 21, 19, 17, 26, 1, 17, 10, 26, 10, 19, 28, 28, 22, 3, 28, 10, 7, 1, 30, 33, 20, 16, 15, 28, 3, 33, 30, 30, 15, 5, 21, 20, 0, 16, 29, 9, 7, 21, 16, 22, 21, 17, 30, 16, 22, 34, 31, 28, 5, 27, 7, 23, 33, 7, 3, 16, 12, 28, 7, 33, 29, 7, 4, 24, 3, 16, 29, 24, 21, 34, 21, 4, 26, 13, 10, 8, 22, 28, 27, 26, 10, 26, 23, 2, 28, 3, 15, 4, 21, 1, 30, 29, 3, 29, 26, 12, 12, 24, 21, 17, 12, 8, 4, 20, 17, 26, 22, 35, 22, 19, 31, 28, 10, 26, 1, 10, 6, 20, 29, 28, 10, 21, 20, 20, 3, 29, 29, 21, 3, 3, 16, 12, 21, 21, 4, 20, 29, 7, 3, 17, 16, 13, 12, 8, 22, 26, 28, 10, 22, 2, 28, 25, 7, 33, 10, 7, 7, 24, 20, 16, 16, 29, 26, 12, 28, 12]


      ‖ R_se   N_mob
======================
F_se  ‖ m      <       
-----------------------
R_se  ‖        <       

Vertical_support: 0.889
Indices_supporting: [21, 32, 35, 0, 0, 9, 8, 18, 17, 17, 23, 15, 31, 28, 7, 20, 21, 20, 16, 21, 8, 21, 26, 6, 31, 5, 1, 27, 27, 7, 35, 33, 7, 6, 16, 12, 28, 7, 24, 4, 33, 21, 15, 8, 14, 26, 22, 23, 24, 15, 21, 30, 12, 21, 34, 27, 15, 27, 10, 20, 3, 16, 12, 12, 12, 21, 4, 20, 7, 16, 25, 35, 5, 22, 31, 2, 25, 15, 8, 7, 6, 20, 16, 16, 12, 6, 15, 12]


       ‖ F_se   R_se
======================
N_mob  ‖ <      <      
----------------------
F_se   ‖        m      

Vertical_support: 0.861
Indices_supporting: [14, 18, 1, 1, 14, 5, 7, 16, 18, 9, 25, 25, 9, 15, 12, 24, 27, 16, 14, 23, 30, 27, 10, 14, 22, 0, 1, 1, 7, 2, 26, 25, 16, 5, 32, 0, 15, 8, 31, 17, 1, 20, 26, 24, 27, 34, 7, 6, 20, 17, 25, 4, 12, 35, 26, 31, 12, 12, 0, 15, 21, 12, 31, 5, 14, 11, 34, 1, 24, 33, 35, 21, 15, 33, 24]


      ‖ F_se   R_se
=====================
F_se  ‖ <      <      
---------------------
F_se  ‖        m      

Vertical_support: 0.861
Indices_supporting: [18, 23, 34, 1, 9, 6, 25, 8, 14, 26, 2, 1, 14, 27, 23, 32, 4, 2, 32, 12, 33, 34, 15, 5, 18, 23, 5, 23, 1, 25, 18, 5, 15, 14, 27, 10, 1, 1, 16, 0, 15, 9, 27, 4, 15, 7, 20, 0, 17, 13, 0, 12, 9, 25, 23, 1, 14, 6, 31, 12, 14, 27, 24, 23, 8, 32, 32, 15, 35, 0, 25, 31, 12, 18, 34, 14, 31, 32, 2, 33, 14, 24, 16, 22, 32, 0, 14, 14, 27, 15, 31, 27, 1, 25, 21, 15, 11, 8]


      ‖ F_se
==============
R_se  ‖ m      

Vertical_support: 0.861
Indices_supporting: [33, 1, 13, 13, 18, 35, 34, 5, 14, 13, 23, 20, 35, 32, 32, 32, 34, 18, 14, 24, 23, 1, 33, 14, 18, 12, 25, 27, 21, 15, 8, 27, 3, 12, 26, 35, 0, 32, 12, 9, 6, 14, 14, 31, 8, 0, 0, 13, 5, 14, 31, 25, 14, 11, 27, 31, 15, 12, 11, 24, 21, 1, 16, 15, 32, 25, 25, 35, 9, 24, 2, 30, 27, 23, 23, 1, 0, 0, 9, 2, 14, 31, 30, 1, 14, 27, 7, 35, 32, 15, 32, 32, 6, 2, 27, 24, 4, 20, 34, 16, 16, 25, 8, 25, 18, 33, 17, 12, 26, 35, 32, 6, 25, 5, 5, 17, 23, 23, 1, 1, 15, 2, 15, 12, 24, 24, 34, 1, 16, 30, 0, 15, 15, 8, 7, 17, 33, 15, 34, 34, 26, 5, 9, 14, 18, 34, 14, 8, 23, 23, 23, 1, 7, 6, 25, 5, 18, 18, 31, 11, 2, 27, 2, 17, 15, 32, 25, 24, 18, 33, 15, 24]


      ‖ F_se   F_se
=====================
R_se  ‖ m      <      
---------------------
F_se  ‖        <      

Vertical_support: 0.861
Indices_supporting: [33, 13, 12, 18, 34, 14, 0, 13, 23, 35, 32, 34, 2, 23, 1, 14, 12, 27, 15, 8, 7, 12, 26, 3, 0, 9, 25, 34, 14, 1, 35, 0, 14, 5, 18, 14, 31, 11, 31, 15, 11, 21, 32, 15, 9, 25, 24, 27, 23, 1, 0, 14, 30, 14, 32, 32, 6, 27, 20, 34, 33, 16, 20, 16, 25, 25, 18, 30, 27, 8, 17, 32, 6, 25, 5, 23, 1, 1, 15, 2, 12, 24, 24, 1, 16, 34, 17, 15, 26, 13, 9, 8, 14, 27, 26, 23, 7, 18, 18, 27, 4, 32, 32, 15]


      ‖ S_se
==============
R_se  ‖ <      

Vertical_support: 0.861
Indices_supporting: [2, 8, 15, 4, 16, 33, 27, 32, 9, 7, 13, 6, 32, 2, 32, 35, 27, 1, 33, 22, 18, 8, 12, 20, 7, 32, 0, 26, 35, 18, 9, 5, 15, 18, 25, 25, 5, 30, 4, 35, 17, 11, 24, 14, 16, 10, 23, 23, 0, 16, 24, 14, 2, 12, 23, 14, 1, 16, 17, 17, 33, 34, 7, 16, 3, 10, 13, 23, 35, 6, 2, 27, 34, 30, 11, 8]


      ‖ R_se
==============
S_se  ‖ m      

Vertical_support: 0.833
Indices_supporting: [5, 8, 1, 17, 33, 3, 10, 16, 23, 2, 16, 0, 25, 2, 11, 11, 23, 23, 30, 35, 8, 11, 1, 9, 32, 32, 16, 22, 34, 15, 15, 0, 32, 35, 6, 3, 13, 19, 13, 6, 15, 10, 25, 29, 35, 30, 8, 24, 4, 34, 33, 17, 17, 30, 35, 7, 13, 16, 31, 18, 12, 12, 18]


       ‖ R_se   F_se
======================
N_mob  ‖ <      <      
----------------------
R_se   ‖        m      

Vertical_support: 0.833
Indices_supporting: [12, 24, 16, 32, 5, 6, 31, 25, 2, 34, 7, 15, 17, 24, 14, 11, 27, 26, 4, 33, 5, 5, 20, 15, 23, 20, 31, 9, 32, 16, 8, 24, 21, 1, 14, 1, 8, 17, 12, 26, 15, 35, 7, 18, 25, 12, 35, 6, 27, 21, 5, 31, 17, 24, 15, 8, 23, 30, 3, 1, 1, 12, 26, 2, 17, 0, 0, 9, 33, 31, 30, 15, 14]


      ‖ R_se   F_se
=====================
F_se  ‖ m      <      
---------------------
R_se  ‖        m      

Vertical_support: 0.833
Indices_supporting: [33, 13, 18, 34, 5, 14, 13, 23, 20, 35, 32, 34, 32, 32, 14, 24, 23, 1, 14, 18, 12, 25, 27, 21, 15, 8, 27, 12, 26, 35, 32, 0, 12, 9, 6, 14, 14, 31, 8, 0, 0, 5, 14, 31, 25, 14, 11, 27, 31, 15, 11, 24, 21, 1, 32, 15, 25, 25, 24, 2, 27, 23, 23, 1, 0, 0, 2, 14, 31, 30, 14, 27, 32, 32, 6, 27, 4, 20, 34, 16, 16, 25, 25, 8, 18, 33, 17, 26, 35, 32, 6, 25, 5, 5, 1, 1, 15, 2, 12, 24, 24, 1, 16, 30, 15, 15, 8, 7, 34, 17, 15, 26, 5, 9, 14, 18, 14, 23, 23, 23, 1, 7, 25, 18, 18, 31, 27, 32, 15, 25, 24, 33, 15]


      ‖ R_se   R_se
=====================
F_se  ‖ m      <      
---------------------
R_se  ‖        <      

Vertical_support: 0.833
Indices_supporting: [1, 6, 25, 23, 8, 14, 9, 26, 2, 1, 14, 27, 23, 32, 6, 3, 2, 32, 12, 34, 15, 12, 5, 18, 23, 23, 1, 23, 25, 18, 5, 15, 27, 1, 16, 0, 15, 27, 15, 7, 20, 0, 0, 17, 32, 13, 0, 12, 9, 25, 23, 1, 14, 31, 2, 14, 12, 23, 8, 32, 15, 34, 35, 31, 18, 34, 34, 31, 18, 32, 33, 14, 24, 1, 22, 32, 0, 14, 14, 35, 32, 6, 35, 15, 31, 27, 1, 25, 21, 15, 11]


      ‖ S_se
==============
R_se  ‖ m      

Vertical_support: 0.833
Indices_supporting: [30, 2, 7, 15, 33, 33, 22, 27, 6, 10, 15, 35, 25, 34, 30, 18, 8, 31, 31, 34, 35, 0, 10, 35, 21, 18, 5, 15, 35, 2, 11, 11, 13, 1, 16, 7, 16, 23, 3, 9, 0, 0, 25, 29, 9, 16, 18, 22, 12, 14, 1, 16, 19, 10, 23, 6, 6, 28, 0, 15, 3, 8, 8]


      ‖ R_se   F_se
=====================
R_se  ‖ <      <      
---------------------
R_se  ‖        m      

Vertical_support: 0.833
Indices_supporting: [33, 1, 13, 18, 34, 13, 23, 35, 32, 34, 23, 1, 14, 12, 27, 15, 8, 3, 12, 26, 9, 14, 31, 0, 5, 14, 31, 11, 31, 15, 11, 21, 15, 32, 25, 9, 24, 30, 27, 23, 1, 0, 14, 30, 1, 14, 35, 15, 32, 32, 6, 2, 27, 20, 34, 16, 16, 25, 25, 18, 17, 12, 32, 6, 25, 5, 23, 23, 1, 1, 15, 2, 15, 12, 24, 24, 1, 7, 34, 34, 15, 17, 26, 14, 23, 23, 8, 7, 6, 18, 18, 11, 27, 2, 32, 15]


      ‖ F_se   R_se
=====================
S_se  ‖ m      <      
---------------------
F_se  ‖        m      

Vertical_support: 0.806
Indices_supporting: [18, 34, 23, 6, 35, 25, 9, 9, 15, 27, 24, 14, 16, 10, 33, 22, 1, 7, 2, 25, 6, 22, 5, 0, 2, 35, 31, 18, 9, 32, 4, 20, 26, 21, 30, 27, 0, 7, 8, 25, 4, 12, 0, 14, 8, 14, 33, 22, 31, 2, 8]


       ‖ N_mob   R_se
=======================
N_mob  ‖ <       <      
-----------------------
N_mob  ‖         <      

Vertical_support: 0.806
Indices_supporting: [8, 33, 3, 7, 2, 9, 15, 16, 30, 30, 35, 10, 22, 26, 0, 1, 7, 28, 17, 16, 16, 5, 20, 26, 21, 34, 7, 6, 20, 17, 4, 25, 29, 26, 12, 3, 31, 12, 12, 10, 13, 15, 30, 21, 12, 8, 5, 4, 34, 24, 17, 7, 21, 12, 15, 24]


       ‖ N_mob   N_mob
========================
F_se   ‖ <       <       
------------------------
N_mob  ‖         <       

Vertical_support: 0.806
Indices_supporting: [21, 20, 30, 26, 26, 35, 29, 9, 26, 22, 18, 17, 10, 26, 28, 28, 22, 3, 28, 7, 30, 20, 16, 28, 30, 21, 20, 16, 7, 21, 21, 17, 22, 31, 28, 5, 27, 7, 3, 16, 12, 28, 7, 7, 4, 24, 3, 16, 29, 21, 34, 21, 13, 28, 26, 26, 2, 15, 21, 29, 12, 26, 12, 6, 21, 4, 20, 26, 34, 26, 1, 10, 28, 10, 23, 20, 20, 3, 16, 12, 4, 21, 20, 29, 7, 17, 16, 5, 22, 31, 26, 28, 25, 15, 10, 7, 24, 20, 16, 16, 12, 12, 9]


      ‖ F_se   R_se
=====================
R_se  ‖ m      <      
---------------------
F_se  ‖        m      

Vertical_support: 0.806
Indices_supporting: [23, 1, 6, 25, 18, 8, 34, 14, 26, 2, 1, 14, 12, 27, 24, 23, 32, 2, 32, 32, 12, 21, 34, 24, 34, 15, 5, 18, 18, 23, 5, 1, 7, 25, 25, 18, 32, 5, 2, 15, 27, 23, 1, 16, 15, 27, 15, 1, 20, 0, 6, 13, 17, 12, 26, 18, 12, 5, 34, 35, 35, 9, 25, 5, 2, 18, 23, 1, 14, 16, 31, 25, 15, 14, 12, 23, 8, 6, 17, 32, 15, 25, 5, 35, 34, 35, 31, 18, 34, 31, 11, 14, 23, 16, 32, 24, 33, 15, 14, 24, 30, 0, 14, 9, 32, 0, 15, 14, 14, 0, 13, 6, 15, 31, 27, 1, 27, 33, 25, 21, 15, 11, 24]


      ‖ F_se   R_se   F_se
============================
R_se  ‖ m      <      <      
----------------------------
F_se  ‖        m      <      
----------------------------
R_se  ‖               m      

Vertical_support: 0.806
Indices_supporting: [12, 24, 14, 24, 33, 1, 0, 32, 5, 13, 6, 14, 18, 31, 34, 34, 27, 15, 17, 20, 34, 26, 16, 11, 13, 23, 31, 35, 32, 34, 16, 30, 25, 25, 15, 18, 11, 21, 23, 14, 1, 23, 14, 17, 32, 15, 25, 32, 15, 12, 7, 18, 18, 6, 25, 27, 5, 24, 15, 8, 27, 1, 23, 1, 27, 12, 1, 26, 0, 32, 15, 9, 14, 2, 14]


      ‖ F_se   N_mob
======================
S_se  ‖ m      <       
-----------------------
F_se  ‖        <       

Vertical_support: 0.778
Indices_supporting: [4, 10, 21, 30, 20, 26, 26, 18, 29, 20, 29, 28, 29, 16, 12, 18, 21, 30, 25, 2, 27, 1, 10, 0, 7, 28, 26, 6, 22, 31, 2, 8, 31, 4, 26, 30, 4, 3, 7, 7, 31, 28, 10, 29, 9, 16, 34, 22, 30, 28, 26, 14, 5, 4, 1, 10, 10, 9, 25, 11, 7, 26, 20, 32, 22, 22, 14, 28, 28, 9, 27]


      ‖ S_se   N_mob
======================
F_se  ‖ m      <       
-----------------------
S_se  ‖        <       

Vertical_support: 0.778
Indices_supporting: [4, 30, 20, 30, 20, 9, 26, 26, 17, 33, 28, 18, 29, 7, 23, 29, 10, 26, 17, 13, 3, 28, 6, 6, 30, 2, 4, 20, 26, 3, 26, 16, 28, 10, 16, 9, 34, 28, 34, 24, 30, 14, 28, 26, 31, 1, 10, 7, 10, 7, 11, 13, 2, 8, 22, 28, 25, 28, 9, 27, 26]


      ‖ S_se   F_se
=====================
F_se  ‖ m      <      
---------------------
S_se  ‖        m      

Vertical_support: 0.778
Indices_supporting: [27, 1, 35, 16, 4, 24, 14, 10, 12, 18, 14, 28, 2, 33, 27, 13, 20, 9, 2, 9, 11, 8, 30, 27, 27, 26, 33, 9, 7, 26, 1, 4, 32, 22, 3, 26, 0, 6, 25, 34]


      ‖ R_se   F_se   R_se
============================
F_se  ‖ m      <      <      
----------------------------
R_se  ‖        m      <      
----------------------------
F_se  ‖               m      

Vertical_support: 0.75
Indices_supporting: [14, 1, 23, 14, 1, 1, 25, 31, 15, 18, 6, 25, 24, 5, 14, 12, 15, 8, 23, 27, 14, 1, 8, 26, 16, 32, 15, 32, 15, 2, 1, 27, 14, 27, 0, 14, 14, 23, 35, 15, 32, 20, 0, 17, 13, 2, 32, 12, 31, 15, 31, 12, 18, 27, 34, 31, 1, 25, 34, 32, 25, 21, 15, 9, 5, 18, 11, 33, 23]


      ‖ F_se   N_mob
======================
F_se  ‖ <      <       
-----------------------
F_se  ‖        <       

Vertical_support: 0.75
Indices_supporting: [4, 27, 26, 30, 28, 31, 12, 18, 15, 20, 7, 7, 17, 10, 35, 6, 16, 21, 34, 7, 5, 2, 31, 4, 26, 3, 28, 20, 9, 16, 2, 34, 30, 26, 15, 1, 10, 7, 20, 10, 16, 7, 11, 12, 22, 25, 8, 21, 9]


       ‖ N_mob   N_mob
========================
R_se   ‖ <       <       
------------------------
N_mob  ‖         <       

Vertical_support: 0.75
Indices_supporting: [20, 17, 29, 26, 10, 35, 12, 28, 8, 21, 3, 17, 21, 4, 20, 33, 4, 21, 1, 23, 7, 3, 17, 16, 13, 12, 19, 3, 29, 12, 16, 21, 7, 12, 28, 10, 7, 31, 33, 20, 26, 7, 16, 31, 20, 35, 10, 16, 34, 21, 22, 19, 3, 33, 15, 0, 20, 26, 12, 7, 24, 20, 29, 9, 7, 16, 21, 29, 10, 16, 16, 6, 13, 22, 21]


      ‖ F_se   N_mob
======================
R_se  ‖ m      <       
-----------------------
F_se  ‖        <       

Vertical_support: 0.75
Indices_supporting: [4, 20, 17, 26, 35, 12, 8, 5, 17, 1, 1, 17, 23, 7, 1, 20, 16, 15, 20, 7, 25, 8, 21, 26, 31, 7, 23, 6, 16, 7, 18, 33, 33, 16, 24, 26, 13, 23, 18, 15, 32, 3, 12, 9, 24, 21, 34, 12, 1, 20, 26, 34, 27, 15, 27, 12, 24, 21, 20, 7, 17, 13, 12, 35, 34, 5, 1, 31, 2, 15, 24, 7, 6, 20, 16, 12, 35]


       ‖ N_mob   N_mob
========================
S_se   ‖ <       <       
------------------------
N_mob  ‖         <       

Vertical_support: 0.694
Indices_supporting: [17, 17, 30, 29, 26, 20, 29, 19, 2, 1, 10, 10, 19, 28, 22, 10, 30, 16, 28, 3, 30, 29, 7, 22, 17, 16, 28, 7, 21, 29, 7, 4, 3, 29, 34, 0, 13, 10, 22, 28, 27, 26, 10, 26, 28, 3, 29, 3, 29, 26, 6, 4, 1, 20, 26, 22, 19, 28, 26, 10, 20, 29, 28, 14, 10, 21, 20, 20, 29, 29, 21, 16, 21, 3, 13, 31, 26, 28, 10, 28, 33, 10, 7, 7, 9]


       ‖ F_se   N_mob
=======================
N_mob  ‖ <      <       
-----------------------
F_se   ‖        <       

Vertical_support: 0.694
Indices_supporting: [20, 17, 20, 29, 12, 28, 31, 17, 15, 20, 1, 1, 23, 7, 17, 10, 0, 13, 3, 7, 35, 26, 34, 24, 21, 16, 21, 7, 31, 12, 33, 1, 26, 3, 28, 20, 10, 24, 15, 14, 5, 4, 1, 10, 20, 9, 16, 7, 13, 12, 20, 26, 28]


       ‖ N_mob   S_se
=======================
N_mob  ‖ <       <      
-----------------------
N_mob  ‖         <      

Vertical_support: 0.694
Indices_supporting: [7, 4, 16, 22, 26, 6, 10, 34, 30, 22, 8, 20, 7, 22, 3, 26, 10, 31, 21, 29, 35, 2, 27, 17, 30, 13, 16, 20, 29, 10, 28, 23, 3, 29, 22, 2, 12, 17, 17, 1, 33, 7, 16, 28, 10, 3, 28, 3, 27, 12, 7]


      ‖ F_se   S_se
=====================
R_se  ‖ m      <      
---------------------
F_se  ‖        m      

Vertical_support: 0.694
Indices_supporting: [8, 16, 27, 32, 9, 13, 7, 32, 35, 1, 33, 8, 20, 32, 26, 0, 25, 30, 18, 4, 24, 14, 23, 24, 14, 2, 23, 33, 2, 17, 17, 34, 13, 3, 35, 9, 30, 12, 27]


      ‖ F_se   F_se
=====================
S_se  ‖ m      <      
---------------------
F_se  ‖        <      

Vertical_support: 0.667
Indices_supporting: [27, 7, 27, 0, 30, 10, 28, 31, 25, 8, 7, 28, 14, 4, 5, 27, 20, 9, 14, 11, 1, 23, 35, 25, 18, 5, 21, 2, 27, 1, 0, 15, 22, 26, 2, 31, 31]


       ‖ F_se   F_se
======================
N_mob  ‖ <      <      
----------------------
F_se   ‖        <      

Vertical_support: 0.667
Indices_supporting: [16, 10, 12, 28, 34, 7, 17, 14, 11, 4, 26, 33, 5, 20, 31, 20, 16, 21, 1, 14, 27, 1, 17, 7, 12, 5, 15, 24, 23, 1, 26, 0, 0, 22, 3, 26, 31]


      ‖ R_se   F_se
=====================
F_se  ‖ m      <      
---------------------
R_se  ‖        <      

Vertical_support: 0.667
Indices_supporting: [0, 7, 14, 16, 28, 31, 27, 17, 34, 0, 13, 13, 20, 31, 23, 16, 6, 25, 8, 8, 23, 27, 27, 26, 23, 14, 5, 22, 15, 27, 25, 15, 9, 15, 27, 23, 23, 27, 7, 9, 3, 4, 12, 26, 2, 0, 14, 2, 34, 14]


      ‖ F_se   R_se
=====================
R_se  ‖ <      <      
---------------------
F_se  ‖        m      

Vertical_support: 0.667
Indices_supporting: [18, 23, 14, 23, 9, 15, 14, 27, 16, 23, 26, 6, 9, 25, 6, 15, 0, 35, 1, 14, 4, 27, 15, 14, 0, 8, 7, 1, 17, 13, 25, 2, 32, 12, 0, 31, 11, 33, 25, 31, 2, 23]


       ‖ R_se   N_mob
=======================
N_mob  ‖ <      <       
-----------------------
R_se   ‖        <       

Vertical_support: 0.639
Indices_supporting: [21, 17, 10, 20, 16, 35, 3, 3, 16, 12, 12, 3, 17, 21, 20, 21, 17, 23, 7, 29, 35, 33, 10, 16, 30, 7, 16, 24, 21, 28, 7, 22, 12, 28, 10, 31, 24, 7, 33, 20, 25, 14, 21, 20, 8, 26, 6, 20, 12, 21, 10, 22, 17, 15]


       ‖ N_mob   F_se
=======================
N_mob  ‖ <       <      
-----------------------
N_mob  ‖         <      

Vertical_support: 0.639
Indices_supporting: [7, 24, 7, 4, 30, 16, 10, 28, 16, 12, 0, 28, 15, 2, 28, 17, 33, 20, 26, 0, 5, 33, 20, 20, 29, 16, 24, 21, 1, 34, 27, 10, 17, 12, 26, 7, 12, 3, 21, 22, 5, 15, 7, 7, 3, 26, 1, 17, 22, 3, 26, 12, 33]


      ‖ R_se   S_se
=====================
F_se  ‖ m      <      
---------------------
R_se  ‖        m      

Vertical_support: 0.639
Indices_supporting: [2, 33, 15, 33, 22, 27, 35, 34, 31, 35, 10, 0, 21, 18, 15, 35, 5, 2, 23, 9, 0, 9, 18, 22, 14, 12, 1, 0, 23, 6, 6, 28, 35, 34, 3, 8, 7]


      ‖ S_se   R_se
=====================
F_se  ‖ m      <      
---------------------
S_se  ‖        <      

Vertical_support: 0.639
Indices_supporting: [18, 23, 34, 5, 6, 9, 11, 27, 16, 30, 24, 14, 10, 11, 9, 1, 32, 22, 9, 4, 27, 0, 4, 25, 12, 30, 14, 33, 18, 2, 8]


      ‖ S_se   F_se
=====================
R_se  ‖ <      <      
---------------------
S_se  ‖        m      

Vertical_support: 0.639
Indices_supporting: [1, 35, 16, 14, 10, 12, 18, 14, 33, 0, 27, 13, 20, 2, 9, 8, 30, 8, 27, 27, 10, 26, 9, 7, 4, 32, 3, 0, 25, 34]


      ‖ R_se   F_se
=====================
S_se  ‖ <      <      
---------------------
R_se  ‖        m      

Vertical_support: 0.611
Indices_supporting: [27, 0, 30, 31, 25, 8, 7, 14, 4, 5, 23, 20, 35, 9, 14, 18, 1, 17, 23, 35, 18, 25, 6, 5, 21, 11, 5, 2, 27, 30, 1, 23, 0, 15, 2, 31, 15, 31]


      ‖ F_se   R_se
=====================
S_se  ‖ <      <      
---------------------
F_se  ‖        m      

Vertical_support: 0.611
Indices_supporting: [23, 1, 5, 31, 25, 2, 23, 10, 23, 14, 6, 9, 17, 22, 12, 15, 27, 1, 20, 35, 32, 12, 27, 11, 24, 33, 35, 35, 18, 5]


       ‖ S_se   N_mob
=======================
N_mob  ‖ <      <       
-----------------------
S_se   ‖        <       

Vertical_support: 0.611
Indices_supporting: [30, 20, 20, 26, 26, 6, 3, 3, 28, 3, 4, 29, 27, 23, 7, 29, 10, 10, 26, 17, 13, 19, 28, 3, 29, 28, 12, 10, 7, 20, 26, 7, 13, 3, 26, 16, 28, 10, 28, 2, 30, 28, 1, 10, 7, 7, 11, 29, 10, 13, 16, 8, 22, 28, 28, 27, 26]


       ‖ S_se   F_se
======================
N_mob  ‖ <      <      
----------------------
S_se   ‖        m      

Vertical_support: 0.611
Indices_supporting: [27, 7, 0, 16, 7, 4, 24, 10, 28, 12, 18, 22, 28, 2, 33, 0, 27, 29, 20, 9, 30, 8, 27, 10, 26, 9, 22, 27, 7, 7, 26, 1, 22, 3, 26, 25]


       ‖ R_se   S_se
======================
N_mob  ‖ <      <      
----------------------
R_se   ‖        m      

Vertical_support: 0.611
Indices_supporting: [7, 33, 22, 6, 10, 34, 30, 18, 8, 10, 21, 35, 11, 13, 16, 23, 3, 9, 0, 29, 18, 22, 12, 10, 6, 28, 34, 3, 1, 7]


      ‖ F_se   S_se
=====================
F_se  ‖ <      <      
---------------------
F_se  ‖        m      

Vertical_support: 0.611
Indices_supporting: [16, 27, 32, 26, 7, 9, 32, 35, 8, 20, 7, 32, 22, 0, 26, 26, 25, 4, 27, 30, 14, 28, 20, 24, 14, 23, 17, 11, 34, 13, 35, 27]


      ‖ N_mob
===============
F_se  ‖ m       

Vertical_support: 0.611
Indices_supporting: [32, 20, 23, 12, 0, 21, 21, 17, 22, 31, 26, 26, 21, 27, 9, 35, 7, 16, 22, 2, 24, 14, 13, 7, 7, 16, 32, 6, 29, 28, 27, 24]


      ‖ F_se   S_se   F_se
============================
R_se  ‖ m      <      <      
----------------------------
F_se  ‖        m      <      
----------------------------
S_se  ‖               m      

Vertical_support: 0.611
Indices_supporting: [1, 35, 16, 14, 12, 18, 14, 33, 13, 20, 2, 9, 8, 30, 27, 27, 26, 9, 7, 4, 32, 3, 0, 25, 34]


      ‖ R_se   F_se
=====================
S_se  ‖ m      <      
---------------------
R_se  ‖        m      

Vertical_support: 0.583
Indices_supporting: [1, 13, 1, 35, 32, 15, 13, 2, 35, 34, 33, 24, 12, 18, 16, 34, 8, 12, 6, 5, 35, 11, 9, 17, 23, 23, 30, 3, 17, 2, 15]


       ‖ S_se   R_se
======================
N_mob  ‖ <      <      
----------------------
S_se   ‖        m      

Vertical_support: 0.583
Indices_supporting: [8, 1, 3, 23, 2, 2, 11, 30, 23, 8, 11, 1, 32, 16, 22, 6, 3, 29, 13, 6, 15, 10, 30, 8, 34, 4, 17, 16, 13, 31, 7, 12]


       ‖ F_se   S_se
======================
N_mob  ‖ <      <      
----------------------
F_se   ‖        m      

Vertical_support: 0.583
Indices_supporting: [16, 27, 32, 26, 13, 33, 8, 20, 7, 32, 22, 26, 30, 27, 28, 10, 29, 2, 23, 1, 33, 17, 3, 35, 2, 27, 12, 27]


       ‖ R_se   R_se
======================
N_mob  ‖ <      <      
----------------------
R_se   ‖        <      

Vertical_support: 0.583
Indices_supporting: [14, 25, 11, 12, 30, 8, 14, 1, 26, 17, 22, 15, 1, 7, 20, 17, 6, 3, 12, 10, 31, 34, 24, 35, 21]


      ‖ R_se   S_se
=====================
F_se  ‖ m      <      
---------------------
R_se  ‖        <      

Vertical_support: 0.583
Indices_supporting: [2, 16, 4, 27, 32, 7, 6, 32, 35, 2, 27, 22, 8, 20, 7, 32, 26, 0, 25, 25, 4, 14, 0, 24, 14, 12, 23, 14, 17, 34, 7, 16, 13, 35, 8]


       ‖ N_mob   F_se
=======================
F_se   ‖ <       <      
-----------------------
N_mob  ‖         <      

Vertical_support: 0.583
Indices_supporting: [0, 24, 16, 4, 30, 16, 28, 28, 31, 17, 20, 20, 16, 24, 21, 1, 27, 23, 26, 25, 22, 21, 15, 7, 30, 7, 3, 9, 26, 26, 12]


      ‖ R_se   F_se
=====================
F_se  ‖ <      <      
---------------------
R_se  ‖        m      

Vertical_support: 0.583
Indices_supporting: [14, 27, 0, 32, 31, 27, 17, 14, 24, 34, 13, 23, 31, 16, 25, 1, 23, 23, 14, 25, 15, 5, 27, 25, 9, 15, 23, 23, 27, 3, 30, 12, 26, 2, 14, 2, 14]


      ‖ S_se   R_se
=====================
R_se  ‖ m      <      
---------------------
S_se  ‖        m      

Vertical_support: 0.583
Indices_supporting: [8, 1, 33, 16, 2, 16, 0, 2, 11, 11, 23, 30, 8, 1, 9, 22, 34, 15, 15, 35, 0, 6, 3, 6, 15, 10, 35, 25, 34, 33, 16, 13, 18, 12, 18]


      ‖ F_se   R_se
=====================
R_se  ‖ m      <      
---------------------
F_se  ‖        <      

Vertical_support: 0.583
Indices_supporting: [18, 23, 14, 23, 2, 14, 27, 16, 26, 15, 1, 14, 4, 27, 14, 0, 17, 32, 13, 32, 25, 2, 13, 32, 12, 31, 24, 17, 33, 30, 7, 25, 2, 23]


      ‖ R_se   R_se
=====================
S_se  ‖ m      <      
---------------------
R_se  ‖        <      

Vertical_support: 0.556
Indices_supporting: [23, 5, 16, 11, 2, 11, 30, 8, 23, 6, 17, 9, 12, 15, 1, 35, 13, 32, 15, 10, 6, 12, 11, 24, 33, 30, 35, 35, 18]


       ‖ R_se
===============
N_mob  ‖ m      

Vertical_support: 0.556
Indices_supporting: [34, 10, 16, 2, 0, 32, 12, 14, 10, 33, 34, 22, 16, 17, 16, 15, 3, 22, 21, 30, 6, 12, 2, 13, 19, 32, 21, 7, 7, 21, 12, 18]


       ‖ N_mob   S_se
=======================
F_se   ‖ <       <      
-----------------------
N_mob  ‖         <      

Vertical_support: 0.556
Indices_supporting: [7, 4, 16, 22, 26, 34, 22, 30, 20, 7, 22, 26, 0, 10, 21, 25, 35, 2, 30, 13, 20, 28, 22, 29, 12, 7, 16, 28, 3, 3, 8]


      ‖ F_se   F_se
=====================
F_se  ‖ <      <      
---------------------
F_se  ‖        <      

Vertical_support: 0.556
Indices_supporting: [27, 14, 27, 0, 16, 28, 31, 27, 17, 14, 34, 13, 23, 13, 20, 31, 16, 25, 8, 27, 23, 1, 27, 26, 23, 14, 25, 15, 27, 25, 15, 23, 7, 27, 4, 12, 26, 0, 26, 14, 2, 34, 14]


      ‖ S_se   N_mob
======================
R_se  ‖ m      <       
-----------------------
S_se  ‖        <       

Vertical_support: 0.556
Indices_supporting: [29, 10, 0, 6, 3, 28, 3, 11, 27, 10, 35, 0, 16, 3, 3, 19, 29, 12, 28, 10, 1, 13, 7, 31, 10, 22, 2, 3, 1, 33, 0, 9, 29, 10, 22, 6]


      ‖ F_se   R_se   F_se
============================
S_se  ‖ m      <      <      
----------------------------
F_se  ‖        m      <      
----------------------------
R_se  ‖               m      

Vertical_support: 0.528
Indices_supporting: [27, 0, 30, 25, 8, 7, 14, 4, 5, 20, 9, 14, 1, 23, 35, 25, 18, 21, 2, 27, 0, 15, 2, 31, 31]


      ‖ R_se   N_mob
======================
S_se  ‖ m      <       
-----------------------
R_se  ‖        <       

Vertical_support: 0.528
Indices_supporting: [17, 17, 10, 16, 12, 17, 6, 3, 3, 19, 11, 1, 23, 29, 3, 10, 16, 23, 25, 3, 35, 13, 19, 24, 12, 10, 1, 7, 32, 19, 31, 13, 29, 13, 10, 22, 22, 17]


      ‖ R_se   F_se
=====================
S_se  ‖ m      <      
---------------------
R_se  ‖        <      

Vertical_support: 0.528
Indices_supporting: [1, 7, 12, 33, 23, 29, 35, 31, 18, 10, 17, 22, 6, 3, 5, 11, 30, 1, 23, 3, 25, 15]


       ‖ N_mob   R_se
=======================
F_se   ‖ <       <      
-----------------------
N_mob  ‖         <      

Vertical_support: 0.528
Indices_supporting: [34, 6, 31, 15, 24, 16, 30, 1, 16, 0, 9, 20, 17, 4, 3, 31, 12, 15, 30, 12, 31, 17, 7, 9, 18, 21, 12, 5]


      ‖ S_se   F_se   R_se
============================
F_se  ‖ m      <      <      
----------------------------
S_se  ‖        m      <      
----------------------------
F_se  ‖               m      

Vertical_support: 0.528
Indices_supporting: [18, 34, 6, 9, 27, 16, 24, 14, 10, 1, 32, 22, 9, 4, 27, 0, 4, 25, 12, 14, 33, 2, 8]


       ‖ N_mob   N_mob
========================
F_se   ‖ m       <       
------------------------
N_mob  ‖         <       

Vertical_support: 0.528
Indices_supporting: [21, 21, 32, 26, 29, 28, 16, 24, 12, 28, 21, 21, 20, 21, 2, 29, 27, 17, 23, 7, 29, 16, 13, 7, 16, 21, 26, 27, 20, 28, 9, 16, 21, 28, 22, 31, 21, 21, 20, 26, 7, 20, 16, 7, 16, 21, 13, 22, 14, 21]


      ‖ F_se   S_se
=====================
R_se  ‖ m      <      
---------------------
F_se  ‖        <      

Vertical_support: 0.528
Indices_supporting: [2, 33, 15, 16, 27, 7, 35, 18, 15, 5, 35, 14, 23, 0, 24, 14, 14, 1, 17, 7, 13, 23, 35, 34, 11, 8]


       ‖ N_mob   S_se
=======================
S_se   ‖ <       <      
-----------------------
N_mob  ‖         <      

Vertical_support: 0.5
Indices_supporting: [7, 4, 26, 10, 34, 31, 22, 30, 7, 26, 10, 29, 27, 17, 30, 13, 20, 29, 10, 28, 2, 17, 33, 16, 28, 10, 3, 3, 7]


      ‖ N_mob
===============
S_se  ‖ m       

Vertical_support: 0.5
Indices_supporting: [28, 10, 26, 30, 16, 20, 28, 29, 26, 8, 18, 12, 17, 26, 3, 12, 18, 8, 1, 10, 19, 31, 21, 20, 29, 16, 7, 13, 19]


      ‖ R_se   F_se   F_se
============================
F_se  ‖ m      <      <      
----------------------------
R_se  ‖        m      <      
----------------------------
F_se  ‖               <      

Vertical_support: 0.5
Indices_supporting: [14, 16, 31, 27, 17, 34, 13, 13, 20, 31, 16, 25, 8, 27, 23, 27, 26, 23, 14, 15, 27, 25, 15, 23, 7, 27, 4, 12, 26, 0, 14, 2, 34, 14]


      ‖ S_se   F_se
=====================
F_se  ‖ <      <      
---------------------
S_se  ‖        m      

Vertical_support: 0.5
Indices_supporting: [27, 7, 0, 16, 28, 0, 13, 20, 23, 6, 31, 8, 8, 27, 27, 26, 15, 22, 27, 7, 7, 9, 4, 26, 0, 5, 34]


      ‖ S_se   S_se
=====================
F_se  ‖ m      <      
---------------------
S_se  ‖        <      

Vertical_support: 0.5
Indices_supporting: [30, 4, 9, 32, 26, 34, 30, 8, 31, 7, 26, 10, 11, 27, 30, 11, 13, 20, 28, 29, 9, 18, 11, 3]


      ‖ S_se   F_se
=====================
R_se  ‖ m      <      
---------------------
S_se  ‖        m      

Vertical_support: 0.5
Indices_supporting: [35, 7, 0, 7, 28, 22, 0, 29, 23, 6, 31, 8, 10, 3, 15, 18, 27, 9, 25, 5]


      ‖ S_se   F_se
=====================
R_se  ‖ m      <      
---------------------
S_se  ‖        <      

Vertical_support: 0.5
Indices_supporting: [1, 10, 35, 1, 15, 12, 2, 7, 34, 27, 10, 8, 23, 22, 12, 6, 11, 9, 23, 30, 3, 2, 3, 15, 31]


      ‖ F_se   F_se   R_se
============================
R_se  ‖ m      <      <      
----------------------------
F_se  ‖        <      <      
----------------------------
F_se  ‖               m      

Vertical_support: 0.5
Indices_supporting: [18, 23, 14, 14, 27, 16, 26, 15, 1, 14, 4, 27, 14, 0, 17, 13, 25, 2, 32, 12, 31, 33, 25, 2, 23]
