121 TIRPs, 330s

       ‖ S_sol
================
N_mob  ‖ <       

Vertical_support: 1.0
Indices_supporting: [0, 33, 32, 0, 10, 8, 31, 8, 8, 5, 7, 33, 22, 16, 15, 12, 29, 3, 15, 7, 33, 25, 9, 8, 18, 17, 31, 30, 23, 7, 26, 26, 22, 14, 5, 22, 27, 27, 7, 20, 3, 12, 29, 11, 6, 25, 21, 12, 22, 35, 13, 22, 17, 30, 1, 1, 34, 15, 11, 24, 33, 7, 20, 9, 8, 3, 35, 2, 19, 17, 14, 31, 31, 1, 14, 22, 13, 28, 4, 29, 3, 3, 7, 20, 17, 34, 29, 18, 31, 5, 22, 26, 8, 33, 6, 18, 31, 23, 10, 29, 21, 12]


       ‖ N_mob
================
N_mob  ‖ <       

Vertical_support: 1.0
Indices_supporting: [21, 20, 17, 16, 33, 33, 29, 26, 34, 35, 16, 33, 13, 9, 26, 25, 5, 19, 21, 17, 14, 28, 33, 8, 5, 2, 1, 17, 35, 10, 10, 27, 20, 22, 2, 19, 32, 31, 28, 28, 3, 22, 1, 15, 27, 24, 21, 23, 24, 27, 33, 30, 28, 10, 7, 4, 6, 3, 7, 20, 23, 12, 28, 21, 33, 15, 12, 30, 30, 8, 5, 7, 21, 3, 17, 16, 20, 24, 12, 29, 29, 30, 21, 35, 16, 12, 12, 25, 5, 4, 21, 22, 29, 26, 8, 17, 14, 22, 2, 19, 31, 28, 25, 9, 28, 8, 31, 10, 24, 27, 16, 32, 31, 9, 6, 3, 22, 15, 28, 7, 21, 24, 20, 30, 30, 8, 7, 7, 20, 17, 16, 13, 12, 15, 26, 29, 22, 24, 3, 30, 12, 9, 8, 4, 4, 18, 17, 21, 11, 29, 9, 26, 26, 0, 10, 6, 34, 31, 28, 31, 26, 14, 10, 24, 23, 26, 22, 2, 16, 13, 28, 25, 3, 2, 2, 12, 27, 4, 21, 17, 1, 33, 26, 7, 3, 0, 3, 16, 12, 9, 6, 26, 18, 18, 17, 33, 12, 26, 7, 1, 20, 34, 16, 10, 26, 29, 20, 0, 34, 10, 22, 22, 18, 10, 26, 27, 1, 19, 35, 28, 10, 7, 23, 6, 3, 20, 29, 28, 8, 3, 2, 21, 12, 7, 4, 16, 32, 12, 29, 21, 15, 15, 29, 5, 4, 21, 21, 22, 16, 15, 24, 29, 1, 35, 0, 16, 32, 29, 9, 26, 14, 8, 8, 17, 34, 11, 34, 7, 23, 26, 22, 1, 35, 10, 6, 22, 16, 28, 7, 24, 1, 15, 8, 7, 4, 7, 20, 20, 16, 13, 29, 28, 3, 2, 33, 30]


       ‖ F_sol
================
S_sol  ‖ m       

Vertical_support: 1.0
Indices_supporting: [4, 17, 31, 9, 17, 29, 22, 2, 18, 13, 35, 32, 12, 11, 31, 10, 1, 21, 6, 18, 34, 10, 25, 5, 15, 14, 7, 33, 29, 0, 4, 3, 29, 35, 2, 17, 31, 25, 18, 34, 2, 6, 33, 20, 34, 16, 30, 29, 35, 29, 33, 9, 26, 19, 0, 28, 9, 8, 5, 22, 32, 32, 24, 22, 7, 33, 7, 6, 22, 12, 6, 8, 3, 6, 22, 35, 30, 15, 23, 16, 0, 32, 7, 9, 5, 25, 27, 8, 16, 27, 33, 9, 7]


       ‖ N_mob
================
F_sol  ‖ <       

Vertical_support: 1.0
Indices_supporting: [21, 20, 17, 16, 33, 33, 29, 34, 1, 35, 16, 33, 9, 26, 25, 5, 21, 17, 14, 33, 8, 5, 2, 1, 35, 10, 10, 27, 22, 2, 19, 32, 32, 28, 28, 6, 22, 35, 1, 27, 24, 23, 33, 28, 10, 7, 7, 6, 3, 23, 12, 33, 30, 12, 8, 24, 21, 3, 16, 30, 33, 12, 29, 29, 35, 16, 12, 12, 25, 5, 4, 21, 22, 29, 26, 17, 14, 22, 2, 31, 31, 9, 8, 10, 24, 16, 32, 31, 9, 6, 22, 2, 15, 28, 7, 30, 8, 7, 7, 17, 16, 15, 12, 26, 29, 24, 3, 12, 9, 8, 4, 18, 21, 0, 31, 11, 29, 9, 26, 0, 10, 31, 28, 14, 10, 24, 23, 26, 22, 2, 28, 3, 2, 2, 12, 27, 4, 1, 33, 7, 0, 16, 32, 12, 9, 6, 25, 18, 34, 33, 12, 7, 1, 20, 16, 29, 26, 0, 34, 10, 22, 22, 18, 27, 26, 23, 1, 1, 35, 10, 7, 23, 6, 29, 28, 8, 7, 4, 16, 32, 29, 15, 15, 29, 22, 4, 21, 24, 16, 15, 29, 1, 35, 16, 32, 29, 9, 17, 34, 11, 27, 26, 23, 22, 1, 35, 10, 6, 22, 16, 7, 24, 1, 8, 7, 4, 7, 20, 16, 13, 28, 3, 33, 30, 9]


       ‖ N_mob
================
R_sol  ‖ <       

Vertical_support: 0.972
Indices_supporting: [21, 20, 17, 16, 33, 26, 1, 35, 16, 9, 26, 5, 21, 17, 14, 33, 8, 5, 1, 35, 10, 22, 32, 31, 22, 35, 15, 27, 24, 23, 24, 27, 30, 7, 4, 6, 7, 20, 23, 12, 28, 21, 33, 15, 12, 30, 30, 8, 5, 21, 24, 3, 20, 16, 30, 33, 29, 21, 35, 16, 12, 25, 5, 4, 21, 27, 26, 8, 17, 14, 22, 2, 31, 28, 31, 9, 8, 10, 24, 27, 32, 31, 22, 28, 7, 24, 30, 8, 7, 17, 16, 15, 12, 26, 24, 3, 30, 12, 9, 21, 18, 0, 17, 11, 9, 26, 26, 0, 6, 34, 31, 28, 31, 14, 26, 23, 22, 2, 16, 28, 3, 2, 2, 27, 21, 1, 33, 3, 0, 3, 16, 32, 9, 6, 25, 26, 18, 17, 33, 12, 7, 1, 20, 34, 26, 0, 25, 22, 22, 18, 27, 26, 23, 1, 35, 7, 23, 6, 8, 2, 4, 16, 32, 12, 29, 15, 15, 24, 21, 21, 15, 29, 1, 35, 0, 16, 29, 9, 14, 8, 8, 17, 34, 11, 27, 26, 23, 22, 35, 10, 6, 22, 24, 1, 8, 7, 4, 20, 16, 13, 3, 33, 30]


       ‖ F_sol
================
N_mob  ‖ <       

Vertical_support: 0.972
Indices_supporting: [18, 23, 17, 9, 17, 12, 29, 6, 22, 35, 34, 30, 12, 30, 26, 9, 24, 26, 35, 32, 8, 2, 12, 31, 10, 35, 13, 21, 8, 24, 23, 17, 14, 7, 3, 0, 6, 18, 34, 14, 34, 8, 23, 1, 35, 16, 10, 10, 6, 27, 5, 18, 18, 32, 34, 2, 1, 27, 7, 22, 1, 16, 33, 0, 15, 12, 11, 21, 33, 4, 1, 3, 16, 16, 33, 29, 9, 25, 35, 0, 33, 15, 24, 2, 17, 33, 22, 31, 32, 9, 9, 25, 5, 22, 26, 27, 24, 8, 27, 23, 32, 1, 18, 33, 11, 7, 4, 24, 20, 16, 30, 29, 0, 17, 12, 29, 35, 8, 33, 9, 26, 25, 22, 0, 32, 12, 9, 8, 5, 34, 14, 23, 5, 6, 5, 22, 32, 31, 24, 22, 15, 27, 7, 21, 24, 3, 33, 7, 6, 22, 2, 16, 12, 9, 8, 30, 8, 4, 3, 26, 5, 22, 34, 30, 4, 1, 31, 33, 27, 24, 23, 28, 7, 2, 14, 25, 27, 8, 1, 33, 33, 27, 24, 23, 2, 16, 33, 26, 15, 7]


       ‖ R_sol
================
N_mob  ‖ <       

Vertical_support: 0.972
Indices_supporting: [30, 26, 3, 35, 12, 9, 22, 18, 34, 5, 1, 0, 17, 11, 26, 23, 34, 5, 22, 14, 1, 3, 16, 32, 27, 8, 4, 4, 16, 9, 26, 26, 3, 15, 34, 1, 9, 23, 35, 31, 21, 23, 23, 28, 7, 2, 16, 9, 25, 18, 2, 1, 15, 33, 29, 24, 32, 34, 5, 5, 34, 13, 1, 35, 8, 22, 2, 8, 23, 7, 4, 7, 33, 31, 24, 23, 16, 15, 8, 24, 21, 25, 30, 1, 0, 14, 17, 17, 12, 26, 31, 9, 6, 2, 1, 34, 28, 27, 8, 1, 0, 9, 2, 35, 31, 25, 27, 1, 15, 33, 8, 27, 24, 23, 20, 33, 30, 12, 12, 11, 25, 33, 30, 33, 8, 8, 5, 7, 26, 20, 17, 14, 13, 12, 23, 22, 21, 35, 2, 18, 14, 13, 10, 23, 31, 6, 22, 2, 18, 15, 31, 11, 24, 7, 6, 3, 17, 32, 12, 18, 0, 35, 15, 12, 8, 24]


       ‖ R_sol
================
F_sol  ‖ m       

Vertical_support: 0.972
Indices_supporting: [26, 3, 0, 35, 9, 22, 18, 34, 23, 5, 1, 17, 14, 23, 25, 34, 5, 2, 22, 18, 34, 14, 23, 14, 3, 16, 18, 32, 25, 27, 8, 4, 4, 16, 9, 26, 35, 0, 33, 1, 1, 9, 16, 35, 5, 2, 14, 23, 23, 28, 7, 6, 16, 31, 9, 25, 24, 18, 2, 1, 15, 33, 29, 24, 0, 32, 32, 15, 18, 2, 34, 8, 27, 23, 35, 0, 6, 22, 2, 23, 7, 7, 32, 31, 24, 15, 8, 24, 23, 23, 27, 32, 16, 8, 25, 25, 30, 8, 5, 1, 0, 17, 17, 12, 26, 27, 9, 2, 18, 1, 18, 33, 11, 11, 27, 28, 8, 34, 1, 0, 13, 9, 2, 35, 15, 14, 25, 27, 1, 15, 33, 8, 27, 24, 23, 33, 30, 12, 12, 11, 25, 24, 18, 31, 30, 33, 33, 8, 26, 5, 7, 20, 17, 14, 13, 9, 23, 25, 21, 35, 9, 2, 14, 14, 14, 10, 9, 23, 27, 31, 6, 2, 35, 18, 31, 24, 27, 6, 17, 16, 35, 32, 12, 32, 35, 0, 15, 12, 11, 24]


       ‖ S_sol
================
F_sol  ‖ <       

Vertical_support: 0.972
Indices_supporting: [33, 32, 0, 32, 10, 8, 8, 8, 34, 5, 7, 16, 33, 32, 22, 2, 15, 29, 15, 7, 0, 33, 34, 9, 18, 17, 31, 30, 23, 5, 7, 9, 26, 26, 14, 5, 27, 27, 7, 29, 11, 4, 16, 25, 21, 12, 22, 33, 30, 35, 32, 13, 6, 22, 18, 35, 17, 30, 5, 1, 15, 34, 35, 27, 6, 35, 32, 11, 24, 8, 7, 20, 25, 34, 4, 3, 35, 17, 14, 31, 14, 22, 28, 5, 35, 29, 3, 3, 7, 34, 13, 29, 25, 18, 5, 22, 8, 33, 31, 23, 2, 10, 29, 24, 6, 12]


       ‖ S_sol
================
R_sol  ‖ <       

Vertical_support: 0.944
Indices_supporting: [0, 33, 0, 9, 8, 34, 5, 7, 16, 33, 2, 16, 15, 29, 3, 7, 0, 33, 34, 34, 9, 8, 31, 23, 5, 0, 9, 26, 26, 22, 14, 5, 22, 27, 7, 3, 11, 4, 16, 6, 13, 25, 21, 12, 22, 33, 35, 32, 13, 6, 22, 18, 11, 30, 5, 1, 1, 15, 34, 35, 27, 32, 15, 15, 11, 24, 33, 8, 7, 6, 20, 25, 34, 8, 4, 13, 35, 14, 31, 31, 1, 14, 5, 35, 17, 34, 25, 18, 31, 22, 26, 8, 13, 6, 18, 31, 23, 2, 10, 15, 29, 24, 6, 21, 12]


       ‖ F_sol
================
R_sol  ‖ <       

Vertical_support: 0.944
Indices_supporting: [4, 18, 23, 17, 17, 12, 22, 18, 35, 30, 12, 26, 13, 9, 23, 26, 35, 32, 35, 12, 11, 31, 23, 1, 35, 32, 25, 21, 27, 23, 14, 23, 3, 9, 6, 18, 14, 8, 23, 35, 0, 27, 25, 5, 18, 32, 35, 27, 2, 15, 14, 11, 7, 23, 22, 1, 33, 35, 0, 11, 27, 21, 33, 3, 16, 33, 29, 35, 15, 24, 34, 14, 9, 25, 5, 18, 34, 14, 31, 8, 2, 14, 27, 23, 25, 1, 18, 14, 11, 7, 4, 24, 20, 34, 16, 30, 29, 17, 12, 35, 8, 33, 9, 26, 35, 32, 12, 9, 8, 5, 34, 14, 23, 5, 22, 32, 31, 2, 15, 27, 7, 24, 33, 7, 6, 0, 2, 16, 9, 8, 30, 8, 3, 33, 26, 6, 22, 0, 34, 15, 30, 4, 0, 15, 27, 23, 32, 28, 7, 9, 5, 14, 25, 27, 8, 1, 27, 24, 23, 33]


       ‖ N_mob
================
S_sol  ‖ <       

Vertical_support: 0.944
Indices_supporting: [21, 20, 34, 33, 33, 29, 26, 9, 25, 5, 19, 21, 14, 28, 33, 8, 5, 2, 17, 10, 22, 2, 19, 31, 28, 6, 3, 22, 24, 4, 30, 28, 10, 7, 4, 6, 3, 20, 33, 15, 12, 30, 5, 7, 21, 20, 17, 33, 30, 12, 29, 29, 12, 12, 25, 5, 4, 21, 22, 29, 8, 17, 22, 19, 31, 28, 25, 9, 31, 16, 31, 9, 6, 3, 22, 15, 7, 24, 30, 30, 8, 7, 7, 20, 29, 3, 31, 30, 12, 8, 4, 4, 21, 17, 31, 29, 0, 6, 34, 31, 26, 10, 26, 22, 16, 13, 25, 2, 12, 4, 1, 33, 7, 3, 0, 3, 16, 12, 26, 18, 34, 12, 26, 7, 1, 34, 29, 34, 10, 25, 22, 22, 18, 10, 19, 28, 7, 6, 29, 28, 8, 3, 12, 7, 4, 32, 12, 29, 29, 4, 21, 29, 35, 0, 32, 29, 26, 14, 8, 8, 17, 34, 11, 34, 22, 1, 10, 6, 16, 15, 7, 7, 20, 0, 13, 29, 3, 2, 33, 30, 9]


       ‖ F_sol
================
S_sol  ‖ <       

Vertical_support: 0.944
Indices_supporting: [18, 23, 17, 9, 17, 29, 6, 18, 34, 30, 12, 30, 14, 13, 24, 8, 15, 11, 13, 32, 21, 14, 23, 7, 3, 0, 34, 34, 10, 6, 18, 18, 32, 34, 35, 18, 15, 27, 22, 16, 33, 35, 0, 15, 21, 33, 4, 3, 0, 16, 29, 9, 9, 0, 33, 2, 23, 31, 32, 26, 5, 22, 31, 32, 25, 6, 1, 15, 18, 11, 7, 4, 20, 34, 16, 29, 0, 12, 29, 8, 35, 26, 25, 22, 0, 12, 9, 8, 5, 5, 34, 14, 23, 5, 6, 5, 22, 31, 22, 14, 7, 3, 6, 22, 12, 8, 34, 8, 4, 33, 5, 35, 32, 34, 15, 5, 1, 31, 5, 1, 16, 33, 33, 24, 2, 16, 26, 7]


       ‖ F_sol   R_sol
========================
S_sol  ‖ m       <       
------------------------
F_sol  ‖         m       

Vertical_support: 0.944
Indices_supporting: [8, 1, 7, 3, 9, 31, 16, 11, 5, 31, 33, 23, 17, 7, 20, 17, 7, 21, 25, 25, 9, 25, 34, 30, 24, 33, 5, 29, 10, 17, 32, 32, 18, 6, 2, 18, 34, 18, 8, 33, 28, 27, 0, 4, 8, 16, 6, 13, 35, 9, 12, 35, 6, 22, 2, 15, 14, 33]


       ‖ R_sol
================
S_sol  ‖ <       

Vertical_support: 0.944
Indices_supporting: [3, 0, 13, 9, 34, 31, 5, 17, 22, 34, 23, 3, 18, 32, 32, 25, 8, 4, 4, 16, 3, 32, 35, 33, 1, 1, 13, 9, 16, 5, 14, 23, 7, 31, 9, 25, 24, 18, 33, 29, 32, 32, 18, 34, 8, 35, 6, 22, 2, 7, 4, 33, 32, 31, 23, 25, 25, 30, 5, 17, 12, 18, 33, 11, 28, 27, 8, 13, 9, 15, 14, 31, 33, 8, 16, 33, 12, 11, 31, 33, 5, 7, 20, 17, 13, 22, 21, 18, 14, 10, 35, 6, 2, 35, 18, 31, 11, 27, 7, 6, 12, 35, 0, 8, 24]


       ‖ R_sol   N_mob
========================
F_sol  ‖ m       <       
------------------------
R_sol  ‖         <       

Vertical_support: 0.944
Indices_supporting: [20, 16, 35, 1, 16, 26, 9, 17, 14, 8, 5, 35, 1, 10, 32, 27, 24, 23, 7, 23, 12, 33, 12, 8, 24, 3, 16, 33, 30, 35, 12, 4, 26, 17, 14, 22, 31, 31, 8, 10, 24, 32, 31, 28, 30, 8, 17, 16, 12, 26, 3, 9, 18, 0, 11, 26, 31, 28, 14, 23, 2, 28, 3, 2, 1, 33, 16, 9, 25, 6, 18, 33, 12, 7, 1, 20, 26, 0, 22, 27, 26, 23, 1, 35, 23, 6, 8, 29, 15, 15, 15, 29, 16, 9, 34, 17, 27, 26, 23, 22, 35, 10, 6, 1, 16, 13, 30]


       ‖ F_sol   R_sol
========================
N_mob  ‖ <       <       
------------------------
F_sol  ‖         m       

Vertical_support: 0.917
Indices_supporting: [26, 35, 3, 18, 34, 5, 23, 34, 5, 3, 16, 27, 8, 4, 4, 16, 9, 26, 1, 9, 23, 23, 28, 7, 9, 18, 2, 33, 15, 24, 32, 34, 22, 7, 31, 24, 23, 16, 8, 25, 30, 17, 17, 0, 12, 26, 1, 34, 27, 1, 9, 2, 33, 15, 8, 24, 33, 30, 12, 12, 33, 30, 33, 26, 8, 5, 20, 17, 14, 13, 21, 14, 10, 23, 6, 18, 31, 24, 17, 32, 0, 12, 24]


       ‖ F_sol
================
F_sol  ‖ <       

Vertical_support: 0.917
Indices_supporting: [4, 18, 23, 17, 9, 17, 12, 29, 6, 22, 18, 18, 34, 35, 12, 26, 14, 9, 23, 24, 26, 35, 32, 35, 35, 8, 2, 10, 23, 1, 35, 32, 25, 24, 21, 8, 24, 23, 27, 23, 7, 0, 9, 34, 14, 14, 34, 8, 23, 1, 0, 16, 35, 10, 27, 6, 25, 18, 32, 27, 2, 18, 1, 15, 14, 11, 27, 7, 23, 22, 1, 1, 16, 33, 35, 0, 18, 12, 11, 27, 21, 33, 4, 1, 3, 0, 16, 33, 29, 9, 9, 25, 35, 33, 15, 24, 2, 34, 14, 33, 22, 31, 32, 9, 9, 9, 5, 2, 18, 18, 22, 14, 25, 31, 27, 34, 8, 2, 14, 27, 23, 32, 6, 1, 18, 14, 11, 33, 7, 24, 34, 16, 30, 29, 17, 32, 12, 29, 35, 8, 35, 33, 9, 23, 25, 22, 26, 35, 0, 32, 12, 9, 5, 5, 34, 14, 23, 5, 6, 5, 22, 18, 32, 31, 32, 24, 22, 2, 15, 14, 27, 7, 24, 33, 6, 22, 0, 2, 16, 12, 9, 8, 30, 4, 3, 33, 26, 6, 22, 35, 0, 32, 31, 30, 34, 5, 4, 0, 15, 31, 33, 27, 24, 23, 0, 28, 7, 9, 5, 2, 14, 27, 8, 1, 16, 33, 33, 27, 23, 2, 16, 33, 25, 25, 15, 7]


       ‖ F_sol
================
R_sol  ‖ m       

Vertical_support: 0.889
Indices_supporting: [18, 23, 12, 6, 18, 35, 34, 11, 12, 30, 26, 30, 14, 9, 23, 26, 35, 35, 8, 2, 2, 15, 23, 35, 13, 32, 25, 24, 8, 24, 23, 27, 17, 14, 23, 7, 3, 0, 9, 34, 14, 14, 8, 23, 1, 0, 16, 35, 10, 27, 6, 18, 18, 32, 34, 35, 27, 2, 18, 1, 11, 27, 23, 22, 1, 1, 16, 35, 18, 15, 12, 11, 27, 21, 33, 1, 0, 16, 16, 33, 9, 9, 25, 0, 33, 15, 24, 34, 14, 33, 23, 22, 32, 9, 9, 9, 5, 2, 22, 18, 25, 14, 26, 31, 27, 24, 8, 14, 27, 23, 32, 25, 1, 15, 14, 11, 18, 7, 4, 24, 0, 17, 32, 12, 35, 8, 35, 23, 25, 22, 35, 32, 12, 5, 34, 14, 23, 5, 6, 5, 18, 31, 2, 15, 14, 27, 24, 21, 0, 2, 16, 9, 34, 30, 8, 4, 33, 27, 26, 5, 0, 32, 31, 15, 34, 5, 4, 1, 0, 31, 33, 27, 24, 2, 14, 1, 33, 33, 24, 23, 2, 16, 26, 25, 25, 15, 24]


       ‖ R_sol
================
R_sol  ‖ <       

Vertical_support: 0.889
Indices_supporting: [30, 26, 3, 0, 35, 13, 12, 9, 25, 18, 34, 31, 23, 5, 1, 0, 14, 11, 17, 26, 23, 25, 34, 5, 2, 22, 18, 34, 14, 23, 1, 14, 16, 32, 25, 27, 34, 8, 4, 16, 32, 9, 26, 3, 0, 15, 5, 33, 1, 13, 9, 23, 35, 2, 14, 31, 23, 23, 6, 2, 16, 31, 18, 2, 1, 15, 24, 0, 32, 32, 15, 18, 2, 8, 5, 34, 14, 27, 23, 0, 8, 22, 8, 23, 7, 4, 32, 31, 24, 15, 27, 24, 23, 33, 32, 16, 15, 8, 24, 21, 25, 30, 8, 5, 0, 14, 17, 17, 12, 26, 27, 35, 31, 9, 2, 18, 1, 34, 33, 11, 11, 8, 1, 13, 2, 16, 35, 15, 31, 25, 27, 1, 15, 33, 8, 27, 24, 23, 16, 30, 33, 12, 12, 11, 25, 24, 18, 33, 30, 33, 8, 8, 5, 26, 20, 0, 14, 13, 12, 9, 23, 25, 21, 35, 9, 2, 18, 14, 14, 13, 14, 9, 23, 27, 31, 22, 2, 35, 18, 15, 31, 11, 24, 27, 7, 3, 17, 16, 35, 32, 32, 35, 0, 15, 12, 11, 8, 24]


       ‖ N_mob   N_mob
========================
N_mob  ‖ <       <       
------------------------
N_mob  ‖         <       

Vertical_support: 0.889
Indices_supporting: [21, 20, 17, 16, 33, 33, 29, 26, 34, 16, 13, 26, 21, 19, 17, 28, 8, 5, 35, 17, 10, 10, 27, 20, 22, 19, 28, 28, 22, 3, 15, 27, 21, 30, 28, 10, 7, 23, 7, 20, 3, 4, 12, 28, 21, 33, 30, 30, 12, 5, 21, 24, 20, 17, 16, 3, 29, 29, 12, 21, 16, 12, 12, 22, 21, 4, 29, 17, 22, 2, 31, 28, 25, 10, 22, 3, 28, 24, 21, 7, 20, 30, 7, 7, 20, 17, 16, 29, 26, 12, 24, 3, 30, 21, 4, 29, 26, 26, 10, 6, 31, 28, 26, 10, 26, 23, 13, 28, 3, 2, 12, 21, 4, 33, 1, 7, 3, 3, 0, 12, 26, 9, 17, 33, 12, 26, 7, 1, 20, 34, 16, 29, 26, 10, 22, 22, 10, 26, 19, 1, 28, 10, 7, 20, 29, 28, 8, 3, 16, 29, 21, 15, 29, 15, 24, 21, 21, 4, 16, 29, 35, 16, 29, 26, 8, 17, 26, 22, 10, 22, 28, 7, 1, 7, 20, 20, 16, 28, 3, 30]


       ‖ S_sol
================
S_sol  ‖ <       

Vertical_support: 0.889
Indices_supporting: [0, 0, 32, 10, 9, 8, 31, 8, 8, 5, 7, 16, 33, 32, 22, 16, 12, 29, 3, 34, 33, 25, 34, 8, 18, 17, 30, 5, 26, 5, 22, 27, 7, 3, 12, 29, 6, 13, 21, 13, 6, 22, 35, 17, 11, 5, 1, 15, 34, 35, 6, 16, 32, 15, 35, 15, 11, 33, 7, 20, 9, 8, 4, 3, 13, 2, 19, 17, 31, 22, 4, 29, 3, 7, 20, 13, 29, 31, 22, 26, 33, 13, 6, 18, 31, 15, 29, 12]


       ‖ R_sol   F_sol
========================
N_mob  ‖ <       <       
------------------------
R_sol  ‖         m       

Vertical_support: 0.861
Indices_supporting: [23, 12, 6, 35, 34, 30, 12, 26, 26, 9, 35, 8, 35, 13, 23, 7, 3, 23, 35, 1, 16, 10, 18, 18, 34, 2, 27, 22, 1, 15, 12, 21, 33, 16, 33, 25, 33, 15, 24, 32, 26, 25, 22, 5, 8, 27, 23, 32, 18, 1, 11, 7, 4, 24, 17, 12, 35, 8, 25, 22, 12, 34, 14, 23, 5, 6, 31, 24, 21, 2, 16, 9, 30, 8, 4, 5, 34, 4, 1, 31, 27, 2, 1, 33, 24, 23, 2, 16, 26]


       ‖ R_sol
================
F_sol  ‖ <       

Vertical_support: 0.861
Indices_supporting: [30, 26, 3, 0, 35, 12, 9, 25, 18, 23, 5, 14, 11, 23, 25, 34, 5, 22, 18, 34, 14, 14, 1, 14, 16, 18, 32, 32, 27, 4, 16, 32, 9, 26, 3, 0, 32, 15, 5, 34, 1, 9, 23, 16, 35, 5, 31, 23, 7, 6, 16, 9, 25, 1, 15, 33, 0, 32, 18, 2, 8, 5, 34, 27, 23, 1, 8, 22, 23, 7, 33, 32, 15, 27, 24, 23, 33, 32, 16, 21, 30, 8, 17, 14, 17, 27, 31, 6, 18, 1, 34, 33, 11, 27, 8, 1, 9, 2, 16, 35, 15, 14, 25, 33, 23, 16, 33, 12, 25, 24, 31, 33, 33, 8, 8, 26, 0, 12, 9, 23, 22, 21, 35, 9, 2, 18, 14, 13, 9, 23, 35, 31, 6, 22, 2, 15, 15, 11, 31, 27, 7, 6, 3, 35, 32, 12, 35, 0, 12, 11, 8]


       ‖ F_sol   F_sol
========================
R_sol  ‖ m       <       
------------------------
F_sol  ‖         <       

Vertical_support: 0.833
Indices_supporting: [4, 18, 23, 12, 22, 18, 35, 12, 26, 26, 23, 9, 35, 35, 32, 23, 35, 1, 32, 25, 21, 27, 23, 23, 9, 14, 23, 8, 35, 0, 27, 25, 27, 2, 15, 14, 11, 7, 23, 35, 1, 33, 0, 11, 27, 21, 33, 3, 33, 35, 15, 24, 34, 14, 9, 5, 18, 34, 14, 31, 8, 2, 14, 27, 23, 14, 24, 34, 16, 30, 17, 12, 35, 33, 26, 9, 35, 32, 34, 5, 22, 2, 15, 27, 24, 33, 2, 0, 16, 9, 8, 30, 26, 6, 22, 0, 4, 15, 0, 27, 23, 9, 5, 14, 27, 8, 1, 27, 23, 33]


       ‖ S_sol
================
R_sol  ‖ m       

Vertical_support: 0.833
Indices_supporting: [30, 1, 23, 4, 32, 34, 6, 7, 9, 32, 32, 3, 3, 35, 14, 7, 15, 11, 20, 8, 8, 14, 24, 34, 12, 8, 13, 20, 25, 12, 29, 11, 5, 22, 7, 8, 16, 3, 16, 17, 13, 13, 13, 25, 15, 31, 12, 17, 15, 23, 2, 31, 31, 33, 30, 25, 11, 13, 6, 28, 18, 8, 5, 18, 17, 31]


       ‖ S_sol
================
F_sol  ‖ m       

Vertical_support: 0.833
Indices_supporting: [0, 33, 0, 9, 8, 31, 34, 5, 33, 32, 22, 2, 16, 12, 29, 3, 7, 0, 33, 34, 34, 9, 25, 5, 0, 26, 22, 5, 22, 27, 27, 7, 3, 4, 6, 21, 32, 22, 35, 32, 6, 22, 35, 30, 5, 1, 15, 33, 34, 35, 27, 16, 32, 15, 33, 7, 6, 9, 25, 4, 35, 2, 19, 14, 1, 14, 22, 35, 29, 29, 18, 26, 8, 33, 6, 18, 10, 15, 29, 24, 21]


       ‖ F_sol   R_sol
========================
F_sol  ‖ <       <       
------------------------
F_sol  ‖         m       

Vertical_support: 0.833
Indices_supporting: [26, 35, 0, 3, 9, 18, 23, 5, 14, 23, 25, 34, 22, 5, 18, 34, 14, 14, 16, 18, 32, 27, 4, 16, 9, 26, 0, 1, 9, 35, 16, 5, 23, 7, 6, 16, 9, 25, 1, 15, 33, 0, 32, 18, 2, 8, 27, 23, 22, 23, 7, 32, 15, 27, 24, 23, 32, 16, 30, 8, 17, 17, 27, 18, 1, 34, 33, 11, 27, 8, 1, 9, 2, 35, 15, 14, 25, 33, 23, 33, 12, 25, 24, 33, 33, 31, 26, 8, 9, 23, 21, 35, 9, 2, 14, 9, 23, 31, 6, 2, 31, 27, 6, 35, 32, 12, 35, 0, 12, 11]


       ‖ N_mob   N_mob
========================
F_sol  ‖ <       <       
------------------------
N_mob  ‖         <       

Vertical_support: 0.833
Indices_supporting: [21, 20, 34, 16, 33, 33, 29, 16, 26, 21, 17, 8, 5, 2, 1, 35, 10, 10, 22, 32, 28, 22, 28, 10, 7, 23, 3, 33, 12, 24, 21, 29, 12, 12, 22, 29, 17, 14, 22, 10, 31, 28, 8, 7, 7, 17, 16, 29, 12, 3, 21, 4, 29, 26, 10, 31, 28, 23, 28, 3, 2, 12, 4, 7, 0, 16, 12, 9, 6, 33, 7, 1, 20, 16, 29, 34, 22, 22, 26, 10, 7, 28, 7, 29, 15, 29, 21, 4, 16, 29, 16, 29, 9, 26, 23, 22, 10, 1, 16, 30]


       ‖ R_sol   F_sol
========================
R_sol  ‖ <       <       
------------------------
R_sol  ‖         m       

Vertical_support: 0.806
Indices_supporting: [18, 23, 12, 35, 30, 12, 26, 26, 9, 23, 35, 23, 35, 32, 25, 27, 23, 14, 23, 3, 9, 14, 23, 8, 35, 0, 27, 35, 18, 32, 27, 2, 11, 23, 22, 35, 1, 11, 27, 21, 33, 16, 33, 15, 24, 34, 14, 9, 5, 18, 14, 31, 8, 14, 27, 23, 25, 18, 1, 14, 11, 24, 4, 7, 17, 12, 35, 8, 35, 32, 12, 5, 34, 14, 23, 5, 31, 2, 15, 27, 24, 0, 16, 2, 9, 30, 8, 33, 26, 0, 34, 15, 4, 0, 27, 14, 1, 24, 23]


       ‖ R_sol
================
S_sol  ‖ m       

Vertical_support: 0.806
Indices_supporting: [30, 20, 16, 4, 13, 33, 23, 13, 12, 25, 0, 31, 31, 0, 8, 11, 23, 33, 0, 26, 34, 12, 15, 22, 2, 8, 24, 21, 14, 18, 13, 1, 14, 35, 35, 32, 31, 22, 6, 15, 15, 11, 25, 34, 5, 5, 34, 14, 13, 7, 32, 3, 1, 26, 4, 3, 16, 32, 8, 12, 15, 18, 31, 15, 5, 8, 30]


       ‖ R_sol   F_sol
========================
F_sol  ‖ m       <       
------------------------
R_sol  ‖         m       

Vertical_support: 0.806
Indices_supporting: [18, 23, 12, 6, 35, 18, 34, 12, 26, 14, 26, 9, 23, 35, 35, 8, 2, 23, 35, 32, 25, 24, 27, 8, 23, 24, 23, 7, 9, 34, 14, 14, 23, 8, 35, 0, 1, 16, 27, 10, 6, 27, 2, 18, 1, 11, 27, 23, 35, 1, 1, 16, 18, 12, 11, 27, 33, 1, 0, 16, 33, 9, 9, 25, 33, 15, 24, 34, 14, 33, 22, 9, 9, 9, 25, 2, 18, 14, 31, 27, 8, 14, 27, 23, 32, 18, 14, 7, 24, 17, 32, 35, 35, 23, 25, 22, 35, 32, 5, 34, 5, 5, 18, 2, 15, 27, 24, 0, 2, 16, 9, 30, 4, 26, 0, 31, 4, 0, 33, 31, 27, 24, 2, 14, 1, 33, 23, 2, 16, 25, 25, 15, 24]


       ‖ F_sol   N_mob
========================
R_sol  ‖ m       <       
------------------------
F_sol  ‖         <       

Vertical_support: 0.778
Indices_supporting: [17, 33, 35, 1, 21, 17, 33, 8, 5, 35, 10, 22, 22, 35, 27, 23, 23, 12, 33, 30, 12, 21, 16, 16, 5, 21, 26, 14, 22, 2, 31, 8, 24, 32, 31, 22, 15, 24, 12, 9, 21, 0, 11, 26, 9, 0, 14, 26, 23, 22, 2, 27, 1, 0, 32, 33, 12, 26, 22, 18, 23, 1, 35, 23, 4, 16, 32, 15, 15, 24, 21, 1, 35, 16, 9, 26, 23, 22, 35, 22, 24, 8, 7, 4, 3, 33, 30]


       ‖ F_sol   R_sol
========================
R_sol  ‖ m       <       
------------------------
F_sol  ‖         m       

Vertical_support: 0.778
Indices_supporting: [26, 35, 0, 9, 18, 34, 23, 5, 1, 14, 23, 25, 34, 22, 2, 5, 18, 14, 23, 14, 16, 32, 25, 27, 8, 4, 26, 9, 0, 33, 1, 15, 35, 2, 14, 23, 23, 6, 16, 31, 18, 2, 1, 15, 24, 0, 18, 2, 27, 23, 0, 23, 32, 24, 15, 27, 24, 23, 32, 16, 8, 8, 17, 0, 12, 26, 27, 9, 2, 18, 1, 34, 11, 11, 1, 2, 35, 25, 27, 1, 15, 27, 24, 23, 33, 30, 12, 12, 25, 24, 18, 33, 30, 26, 8, 5, 14, 13, 9, 23, 25, 35, 9, 2, 14, 14, 14, 27, 9, 23, 31, 35, 31, 24, 27, 17, 35, 16, 32, 32, 35, 15, 12, 11, 24]


       ‖ F_sol   R_sol
========================
R_sol  ‖ <       <       
------------------------
F_sol  ‖         m       

Vertical_support: 0.778
Indices_supporting: [8, 23, 1, 7, 3, 9, 31, 35, 12, 12, 18, 11, 33, 23, 14, 33, 17, 23, 23, 32, 20, 23, 23, 34, 21, 25, 31, 5, 9, 34, 30, 8, 5, 17, 23, 17, 14, 12, 27, 0, 32, 32, 2, 2, 18, 8, 33, 11, 8, 8, 27, 1, 23, 16, 13, 35, 2, 35, 15, 22, 0, 33, 23]


       ‖ S_sol   F_sol
========================
F_sol  ‖ m       <       
------------------------
S_sol  ‖         m       

Vertical_support: 0.778
Indices_supporting: [4, 2, 9, 33, 25, 6, 22, 29, 22, 12, 6, 18, 33, 8, 15, 14, 34, 16, 7, 30, 29, 33, 35, 32, 22, 29, 0, 35, 15, 1, 33, 4, 3, 9, 0, 26, 0, 5, 35, 9, 5, 21, 24, 27, 8, 2, 16, 27, 33, 31, 22, 32, 18, 34, 22, 34, 7]


       ‖ R_sol   S_sol
========================
F_sol  ‖ m       <       
------------------------
R_sol  ‖         m       

Vertical_support: 0.778
Indices_supporting: [30, 1, 23, 32, 6, 9, 32, 7, 32, 3, 3, 14, 7, 11, 34, 8, 8, 24, 12, 8, 13, 20, 25, 29, 11, 5, 22, 16, 25, 15, 12, 17, 23, 31, 2, 15, 33, 30, 13, 6, 28, 18, 17, 5, 18, 17, 31]


       ‖ R_sol   R_sol
========================
F_sol  ‖ m       <       
------------------------
R_sol  ‖         <       

Vertical_support: 0.778
Indices_supporting: [30, 26, 35, 0, 12, 9, 25, 18, 23, 5, 14, 11, 23, 25, 34, 5, 18, 14, 1, 14, 16, 32, 27, 32, 26, 9, 0, 15, 23, 35, 31, 23, 6, 16, 1, 15, 0, 18, 2, 5, 34, 27, 23, 8, 22, 23, 15, 27, 24, 23, 33, 32, 16, 30, 8, 17, 17, 14, 27, 31, 1, 34, 11, 1, 2, 35, 16, 25, 23, 16, 33, 12, 25, 24, 33, 26, 8, 8, 0, 12, 9, 23, 35, 9, 2, 18, 14, 13, 9, 23, 31, 22, 15, 31, 11, 27, 3, 35, 32, 35, 12, 11, 8]


       ‖ R_sol   F_sol
========================
F_sol  ‖ m       <       
------------------------
R_sol  ‖         <       

Vertical_support: 0.778
Indices_supporting: [4, 2, 17, 23, 8, 33, 23, 17, 0, 18, 32, 1, 14, 11, 7, 23, 30, 22, 3, 26, 1, 33, 29, 35, 32, 6, 22, 12, 34, 30, 35, 27, 8, 23, 23, 33, 28, 29, 9, 32, 7, 35, 12, 15, 14, 8, 34, 23, 23, 5, 23, 32, 31, 34]


       ‖ S_sol   F_sol
========================
R_sol  ‖ <       <       
------------------------
S_sol  ‖         m       

Vertical_support: 0.75
Indices_supporting: [4, 2, 33, 25, 6, 22, 18, 8, 15, 14, 34, 7, 16, 30, 29, 33, 35, 6, 32, 22, 0, 31, 15, 1, 33, 23, 3, 9, 26, 9, 5, 35, 9, 21, 27, 8, 27, 33, 22, 34]


       ‖ N_mob   N_mob
========================
R_sol  ‖ <       <       
------------------------
N_mob  ‖         <       

Vertical_support: 0.75
Indices_supporting: [20, 17, 16, 33, 26, 16, 26, 21, 17, 8, 35, 10, 22, 22, 7, 23, 12, 28, 15, 30, 30, 12, 21, 20, 29, 21, 16, 12, 5, 21, 17, 14, 22, 2, 31, 28, 10, 27, 31, 22, 24, 30, 9, 21, 26, 26, 31, 28, 3, 21, 1, 3, 3, 0, 33, 12, 20, 26, 22, 22, 26, 1, 35, 7, 16, 15, 21, 21, 29, 35, 16, 29, 8, 26, 23, 35, 20, 16]


       ‖ F_sol   F_sol
========================
N_mob  ‖ <       <       
------------------------
F_sol  ‖         <       

Vertical_support: 0.75
Indices_supporting: [24, 33, 10, 32, 12, 29, 22, 2, 22, 12, 16, 34, 18, 8, 12, 26, 24, 7, 27, 16, 30, 4, 29, 1, 33, 17, 22, 0, 4, 33, 31, 33, 3, 9, 26, 7, 21, 15, 8, 1, 33, 23, 5, 23, 16, 33, 22, 5, 8]


       ‖ N_mob   F_sol
========================
N_mob  ‖ <       <       
------------------------
N_mob  ‖         <       

Vertical_support: 0.75
Indices_supporting: [17, 24, 21, 7, 3, 33, 16, 23, 10, 10, 29, 22, 16, 12, 22, 34, 1, 30, 2, 26, 1, 30, 7, 20, 4, 16, 8, 30, 29, 22, 26, 3, 4, 17, 5, 29, 12, 8, 12, 21, 31, 12, 10, 33, 3, 26, 16, 9, 22, 29, 28, 7, 13, 2, 12, 21, 15, 17, 33, 1, 23, 24, 33, 7, 26, 26, 9, 3, 5, 0, 22, 15]


       ‖ N_mob   R_sol
========================
N_mob  ‖ <       <       
------------------------
N_mob  ‖         <       

Vertical_support: 0.75
Indices_supporting: [30, 20, 26, 33, 30, 7, 3, 12, 12, 34, 23, 26, 8, 23, 7, 20, 17, 26, 13, 28, 12, 16, 7, 22, 21, 15, 16, 25, 21, 33, 15, 10, 17, 17, 24, 12, 26, 3, 16, 31, 22, 34, 27, 15, 5, 5, 28, 8, 4, 13, 4, 1, 7, 3, 17, 26, 35, 24, 12, 2, 3, 22, 12, 15]


       ‖ F_sol   R_sol
========================
S_sol  ‖ <       <       
------------------------
F_sol  ‖         m       

Vertical_support: 0.75
Indices_supporting: [1, 7, 33, 0, 32, 33, 9, 16, 12, 34, 14, 5, 23, 5, 20, 13, 7, 21, 22, 9, 31, 18, 14, 23, 12, 3, 6, 32, 18, 35, 25, 31, 11, 8, 4, 27, 6, 9, 35, 33, 24]


       ‖ F_sol   N_mob
========================
S_sol  ‖ m       <       
------------------------
F_sol  ‖         <       

Vertical_support: 0.75
Indices_supporting: [29, 20, 7, 4, 33, 29, 10, 17, 33, 29, 9, 25, 31, 29, 5, 9, 4, 29, 33, 10, 16, 7, 31, 29, 2, 9, 16, 19, 12, 28, 6, 22, 15, 34, 7, 17, 34, 11, 7, 30, 24, 7, 22, 29, 10, 1, 7, 6, 29, 10, 3, 6, 28, 10, 3, 16, 8, 4, 31, 21, 29, 7, 29, 29, 12, 7, 6, 20, 29, 12, 28, 25, 22, 4, 9, 8]


       ‖ F_sol   S_sol
========================
R_sol  ‖ m       <       
------------------------
F_sol  ‖         m       

Vertical_support: 0.722
Indices_supporting: [5, 0, 34, 1, 33, 27, 35, 0, 15, 22, 8, 22, 5, 27, 34, 33, 6, 3, 18, 25, 5, 4, 26, 8, 33, 6, 35, 2, 16, 21, 18, 14, 22, 7, 0, 1, 14, 10, 33, 35, 32, 15, 34, 24, 21, 9, 30]


       ‖ R_sol   N_mob
========================
N_mob  ‖ <       <       
------------------------
R_sol  ‖         <       

Vertical_support: 0.722
Indices_supporting: [21, 20, 26, 17, 23, 29, 35, 16, 28, 22, 26, 15, 3, 31, 31, 17, 21, 21, 29, 35, 1, 33, 26, 31, 8, 24, 12, 17, 30, 7, 1, 20, 34, 8, 7, 26, 35, 23, 16, 7, 26, 7, 20, 10, 12, 22, 21, 9, 12, 26, 5, 3, 1, 16, 20, 23, 6, 35, 6, 3, 12, 34, 30, 4, 8]


       ‖ R_sol   F_sol
========================
S_sol  ‖ m       <       
------------------------
R_sol  ‖         m       

Vertical_support: 0.722
Indices_supporting: [14, 25, 18, 34, 18, 35, 32, 1, 15, 30, 11, 30, 34, 4, 8, 22, 33, 0, 5, 12, 32, 34, 15, 15, 15, 21, 5, 1, 8, 16, 13, 12, 0, 14, 33, 23, 23, 24, 14, 6, 32, 26, 0, 26, 3, 31, 22, 5]


       ‖ N_mob   N_mob
========================
S_sol  ‖ <       <       
------------------------
N_mob  ‖         <       

Vertical_support: 0.722
Indices_supporting: [21, 20, 34, 29, 26, 21, 19, 28, 10, 22, 19, 28, 22, 3, 30, 28, 10, 7, 4, 20, 30, 21, 20, 17, 29, 29, 12, 12, 12, 22, 4, 5, 29, 22, 25, 31, 9, 30, 7, 7, 29, 3, 21, 4, 4, 29, 6, 26, 12, 4, 33, 1, 7, 0, 16, 12, 26, 12, 7, 34, 29, 10, 18, 19, 28, 7, 29, 28, 8, 3, 7, 29, 29, 21, 4, 29, 29, 26, 17, 10, 7, 20, 3]


       ‖ F_sol   N_mob
========================
F_sol  ‖ <       <       
------------------------
F_sol  ‖         <       

Vertical_support: 0.722
Indices_supporting: [29, 7, 4, 14, 29, 33, 17, 23, 33, 35, 1, 15, 21, 17, 8, 4, 21, 8, 5, 24, 10, 16, 31, 9, 12, 22, 34, 33, 27, 34, 23, 23, 7, 22, 23, 29, 3, 33, 12, 0, 23, 21, 31, 29, 26, 23, 12, 30, 9]


       ‖ R_sol   S_sol
========================
F_sol  ‖ m       <       
------------------------
R_sol  ‖         <       

Vertical_support: 0.722
Indices_supporting: [34, 23, 33, 27, 35, 0, 26, 9, 32, 8, 5, 34, 27, 34, 7, 18, 25, 4, 16, 8, 33, 35, 2, 29, 31, 12, 23, 14, 22, 7, 0, 33, 14, 10, 35, 32, 6, 24, 9, 5, 30]


       ‖ F_sol   R_sol   F_sol
================================
R_sol  ‖ m       <       <       
--------------------------------
F_sol  ‖         m       <       
--------------------------------
R_sol  ‖                 m       

Vertical_support: 0.694
Indices_supporting: [18, 23, 27, 23, 14, 8, 24, 35, 0, 23, 27, 27, 12, 0, 2, 16, 15, 9, 35, 27, 14, 2, 12, 26, 24, 30, 11, 23, 26, 35, 9, 23, 1, 26, 35, 17, 0, 35, 11, 27, 4, 0, 23, 8, 27, 35, 33, 31, 35, 32, 32, 25, 14, 15, 34, 24, 34, 1, 23, 5, 14, 27, 23, 23, 9, 9, 18, 14, 2, 14]


       ‖ F_sol   S_sol
========================
R_sol  ‖ m       <       
------------------------
F_sol  ‖         <       

Vertical_support: 0.694
Indices_supporting: [35, 23, 15, 1, 5, 26, 26, 9, 32, 14, 34, 24, 34, 8, 7, 25, 11, 34, 22, 4, 16, 4, 8, 35, 2, 25, 15, 5, 31, 12, 23, 31, 2, 33, 34, 13, 6, 22, 18, 12, 31]


       ‖ F_sol   R_sol
========================
R_sol  ‖ m       <       
------------------------
F_sol  ‖         <       

Vertical_support: 0.694
Indices_supporting: [23, 3, 9, 23, 12, 35, 12, 18, 33, 23, 33, 31, 33, 23, 11, 32, 0, 23, 12, 23, 34, 33, 21, 21, 5, 9, 34, 30, 8, 13, 17, 23, 14, 1, 27, 0, 32, 31, 22, 2, 2, 15, 8, 33, 5, 34, 8, 27, 1, 23, 16, 32, 35, 2, 35, 15, 22, 0, 5, 8, 23]


       ‖ S_sol   F_sol
========================
R_sol  ‖ m       <       
------------------------
S_sol  ‖         <       

Vertical_support: 0.694
Indices_supporting: [6, 35, 32, 25, 18, 1, 8, 30, 11, 18, 7, 4, 8, 29, 22, 33, 12, 34, 15, 8, 16, 12, 9, 5, 14, 23, 14, 24, 3, 31]


       ‖ S_sol   F_sol
========================
S_sol  ‖ <       <       
------------------------
S_sol  ‖         m       

Vertical_support: 0.694
Indices_supporting: [17, 7, 9, 17, 6, 22, 29, 6, 12, 18, 8, 15, 20, 34, 16, 29, 13, 33, 29, 0, 35, 11, 4, 3, 26, 29, 0, 5, 9, 8, 5, 21, 2, 16, 31, 22, 22, 34, 7]


       ‖ F_sol   F_sol
========================
S_sol  ‖ m       <       
------------------------
F_sol  ‖         <       

Vertical_support: 0.694
Indices_supporting: [17, 7, 9, 10, 17, 6, 32, 6, 29, 22, 6, 6, 12, 18, 34, 11, 18, 7, 27, 14, 4, 29, 16, 24, 29, 35, 32, 8, 33, 31, 35, 4, 0, 25, 22, 29, 9, 9, 0, 9, 33, 5, 5, 2, 33, 16, 5, 34, 2, 16, 7, 31, 5, 22, 34, 7]


       ‖ R_sol   F_sol
========================
S_sol  ‖ <       <       
------------------------
R_sol  ‖         m       

Vertical_support: 0.694
Indices_supporting: [23, 18, 10, 6, 32, 6, 18, 34, 12, 18, 11, 7, 27, 14, 4, 16, 35, 32, 8, 33, 31, 35, 0, 16, 25, 22, 9, 9, 32, 33, 5, 34, 33, 1, 5, 2, 23, 16, 7, 5, 31, 34, 24]


       ‖ S_sol   R_sol
========================
F_sol  ‖ m       <       
------------------------
S_sol  ‖         <       

Vertical_support: 0.694
Indices_supporting: [1, 7, 3, 33, 9, 32, 16, 5, 33, 31, 7, 21, 22, 9, 25, 34, 30, 33, 35, 32, 18, 6, 2, 18, 8, 33, 27, 8, 4, 16, 6, 9, 12, 15, 22, 14, 0, 33]


       ‖ N_mob
================
R_sol  ‖ m       

Vertical_support: 0.667
Indices_supporting: [17, 33, 24, 23, 5, 15, 25, 22, 16, 17, 16, 7, 3, 26, 6, 14, 6, 8, 26, 23, 30, 10, 15, 3, 24, 16, 12, 18, 7, 30, 4, 0, 15, 21, 33, 4, 0, 23, 29, 22, 9]


       ‖ S_sol   F_sol   R_sol
================================
F_sol  ‖ m       <       <       
--------------------------------
S_sol  ‖         m       <       
--------------------------------
F_sol  ‖                 m       

Vertical_support: 0.667
Indices_supporting: [1, 3, 9, 16, 5, 33, 31, 7, 21, 9, 25, 34, 30, 33, 32, 18, 6, 2, 18, 8, 33, 27, 8, 4, 16, 6, 9, 12, 15, 22, 14, 0, 33]


       ‖ F_sol   F_sol
========================
F_sol  ‖ <       <       
------------------------
F_sol  ‖         <       

Vertical_support: 0.667
Indices_supporting: [4, 2, 23, 8, 33, 23, 32, 29, 22, 6, 0, 14, 18, 27, 7, 23, 4, 29, 14, 26, 1, 30, 35, 32, 22, 29, 35, 8, 35, 27, 33, 23, 4, 0, 33, 9, 9, 32, 35, 21, 15, 8, 34, 33, 23, 5, 23, 34, 16, 5, 34, 22, 34, 7]


       ‖ F_sol   S_sol
========================
F_sol  ‖ <       <       
------------------------
F_sol  ‖         m       

Vertical_support: 0.667
Indices_supporting: [5, 35, 34, 15, 33, 5, 27, 35, 29, 26, 8, 5, 27, 27, 34, 7, 35, 7, 29, 18, 25, 5, 4, 4, 33, 8, 32, 33, 22, 35, 2, 29, 21, 22, 14, 7, 34, 10, 14, 0, 33, 35, 32, 29, 22, 6, 24, 22, 9, 30]


       ‖ R_sol   F_sol   R_sol
================================
F_sol  ‖ m       <       <       
--------------------------------
R_sol  ‖         m       <       
--------------------------------
F_sol  ‖                 m       

Vertical_support: 0.667
Indices_supporting: [23, 26, 33, 35, 0, 35, 9, 12, 18, 25, 24, 15, 27, 23, 23, 24, 33, 26, 8, 23, 14, 32, 5, 23, 25, 9, 23, 34, 6, 16, 35, 16, 5, 9, 18, 14, 2, 8, 14, 1, 15, 9, 23, 14, 17, 27, 0, 31, 16, 32, 18, 2, 27, 31, 1, 34, 27, 27, 23, 1, 26, 35, 9, 32, 2, 35, 0, 35, 25, 12, 11, 23]


       ‖ F_sol   S_sol   F_sol
================================
R_sol  ‖ m       <       <       
--------------------------------
F_sol  ‖         m       <       
--------------------------------
S_sol  ‖                 m       

Vertical_support: 0.639
Indices_supporting: [4, 2, 33, 25, 22, 18, 8, 15, 14, 34, 16, 7, 30, 33, 35, 32, 22, 0, 15, 1, 33, 3, 26, 9, 5, 35, 21, 27, 8, 27, 33, 22, 34]


       ‖ R_sol   S_sol
========================
R_sol  ‖ <       <       
------------------------
R_sol  ‖         m       

Vertical_support: 0.639
Indices_supporting: [1, 23, 9, 32, 14, 15, 11, 34, 24, 12, 8, 20, 25, 11, 22, 16, 8, 7, 16, 13, 13, 13, 25, 15, 31, 12, 23, 31, 31, 2, 33, 11, 13, 6, 18, 8, 5, 31]


       ‖ S_sol   N_mob
========================
R_sol  ‖ m       <       
------------------------
S_sol  ‖         <       

Vertical_support: 0.639
Indices_supporting: [20, 8, 17, 16, 25, 5, 31, 9, 14, 29, 3, 3, 29, 31, 14, 7, 8, 8, 11, 1, 8, 7, 7, 4, 6, 25, 30, 22, 15, 30, 12, 17, 20, 33, 30, 20, 29, 7, 13, 12, 34, 31]


       ‖ S_sol   F_sol
========================
N_mob  ‖ <       <       
------------------------
S_sol  ‖         m       

Vertical_support: 0.639
Indices_supporting: [17, 7, 9, 33, 17, 7, 5, 22, 29, 22, 12, 8, 20, 7, 16, 30, 29, 3, 33, 22, 29, 0, 31, 12, 33, 23, 3, 9, 26, 29, 0, 7, 35, 21, 25, 8, 2, 17, 27, 33, 31, 22, 32, 22, 7]


       ‖ R_sol   F_sol
========================
F_sol  ‖ <       <       
------------------------
R_sol  ‖         m       

Vertical_support: 0.639
Indices_supporting: [14, 23, 8, 23, 32, 0, 18, 32, 6, 1, 14, 11, 18, 27, 23, 14, 22, 4, 26, 1, 33, 35, 12, 32, 34, 8, 35, 27, 5, 21, 33, 23, 8, 0, 33, 9, 9, 32, 12, 15, 14, 34, 23, 23, 5, 33, 33, 23, 16, 6, 5, 32, 0, 5, 22, 31, 34]


       ‖ N_mob   F_sol
========================
F_sol  ‖ <       <       
------------------------
N_mob  ‖         <       

Vertical_support: 0.639
Indices_supporting: [7, 33, 16, 23, 10, 29, 22, 1, 1, 7, 30, 4, 29, 22, 26, 3, 29, 12, 8, 12, 10, 33, 8, 1, 16, 33, 22, 29, 28, 35, 12, 14, 21, 15, 33, 23, 7, 9, 32, 0, 22, 34, 15]


       ‖ F_sol   F_sol   R_sol
================================
R_sol  ‖ m       <       <       
--------------------------------
F_sol  ‖         <       <       
--------------------------------
F_sol  ‖                 m       

Vertical_support: 0.611
Indices_supporting: [23, 3, 9, 35, 12, 18, 33, 23, 33, 23, 32, 23, 23, 34, 21, 5, 9, 34, 30, 8, 17, 23, 14, 27, 0, 32, 2, 2, 8, 33, 8, 27, 1, 23, 16, 35, 2, 35, 15, 22, 0, 33, 23]


       ‖ R_sol   R_sol
========================
R_sol  ‖ <       <       
------------------------
R_sol  ‖         <       

Vertical_support: 0.611
Indices_supporting: [23, 1, 16, 13, 23, 13, 12, 35, 12, 12, 18, 31, 33, 31, 23, 14, 33, 23, 23, 11, 32, 23, 12, 23, 34, 31, 5, 9, 8, 13, 1, 23, 14, 17, 12, 0, 27, 31, 22, 2, 15, 11, 11, 8, 34, 27, 1, 23, 32, 35, 2, 35, 31, 8, 23]


       ‖ N_mob   F_sol
========================
R_sol  ‖ <       <       
------------------------
N_mob  ‖         <       

Vertical_support: 0.611
Indices_supporting: [24, 35, 23, 30, 2, 26, 7, 30, 4, 16, 22, 29, 26, 9, 17, 12, 31, 21, 12, 33, 28, 35, 12, 14, 21, 1, 23, 24, 33, 3, 15]


       ‖ S_sol   R_sol
========================
R_sol  ‖ m       <       
------------------------
S_sol  ‖         m       

Vertical_support: 0.611
Indices_supporting: [30, 16, 4, 13, 23, 13, 12, 25, 31, 31, 8, 33, 11, 12, 15, 2, 24, 18, 13, 1, 14, 35, 31, 22, 15, 11, 34, 34, 14, 32, 3, 16, 8, 15, 8, 31, 8]


       ‖ F_sol   S_sol
========================
N_mob  ‖ <       <       
------------------------
F_sol  ‖         m       

Vertical_support: 0.611
Indices_supporting: [0, 34, 1, 33, 29, 26, 22, 8, 22, 5, 27, 7, 33, 7, 29, 3, 5, 26, 8, 33, 6, 33, 22, 35, 16, 6, 29, 12, 18, 21, 3, 22, 14, 7, 10, 1, 33, 35, 29, 22, 22, 21, 9, 30]


       ‖ F_sol   N_mob
========================
N_mob  ‖ <       <       
------------------------
F_sol  ‖         <       

Vertical_support: 0.611
Indices_supporting: [29, 17, 33, 14, 33, 20, 10, 17, 23, 26, 31, 29, 21, 15, 17, 24, 8, 21, 33, 8, 5, 1, 33, 10, 10, 16, 29, 22, 7, 33, 12, 30, 22, 26, 10, 7, 29, 10, 3, 24, 12, 22, 10, 22, 12, 33, 21, 29, 8, 3, 1, 16, 12, 29, 7, 23, 4, 20, 16, 3, 33, 30]


       ‖ R_sol   R_sol
========================
N_mob  ‖ <       <       
------------------------
R_sol  ‖         <       

Vertical_support: 0.611
Indices_supporting: [7, 33, 35, 12, 12, 34, 33, 23, 26, 8, 5, 23, 20, 23, 13, 12, 34, 5, 18, 1, 17, 17, 23, 12, 31, 22, 15, 31, 11, 1, 34, 8, 1, 3, 26, 9, 2, 24]


       ‖ R_sol
================
N_mob  ‖ m       

Vertical_support: 0.611
Indices_supporting: [1, 4, 9, 16, 22, 24, 26, 32, 0, 26, 13, 16, 14, 2, 8, 10, 17, 17, 27, 31, 25, 31, 2, 11, 8, 4, 27, 32, 9, 12, 3, 8, 30]


       ‖ R_sol   F_sol
========================
S_sol  ‖ m       <       
------------------------
R_sol  ‖         <       

Vertical_support: 0.611
Indices_supporting: [23, 18, 7, 18, 8, 12, 15, 20, 34, 16, 13, 33, 35, 0, 11, 3, 26, 16, 32, 5, 8, 21, 34, 1, 23, 22, 31]


       ‖ R_sol   R_sol
========================
S_sol  ‖ m       <       
------------------------
R_sol  ‖         <       

Vertical_support: 0.611
Indices_supporting: [1, 16, 4, 7, 13, 32, 13, 12, 34, 31, 14, 23, 5, 20, 13, 33, 21, 31, 22, 18, 14, 23, 12, 25, 35, 11, 8, 4, 24, 31, 8, 33]


       ‖ N_mob
================
F_sol  ‖ m       

Vertical_support: 0.611
Indices_supporting: [21, 16, 2, 16, 31, 19, 2, 28, 10, 27, 33, 35, 3, 29, 22, 15, 8, 24, 7, 8, 26, 34, 29, 35, 12, 26, 21, 17, 19, 17, 35, 29, 29, 6, 31, 3]


       ‖ F_sol   R_sol   S_sol
================================
R_sol  ‖ m       <       <       
--------------------------------
F_sol  ‖         m       <       
--------------------------------
R_sol  ‖                 m       

Vertical_support: 0.583
Indices_supporting: [1, 23, 9, 32, 14, 34, 24, 12, 8, 25, 11, 22, 16, 25, 15, 12, 23, 31, 2, 33, 13, 6, 18, 5, 31]


       ‖ F_sol   R_sol   R_sol
================================
R_sol  ‖ m       <       <       
--------------------------------
F_sol  ‖         m       <       
--------------------------------
R_sol  ‖                 <       

Vertical_support: 0.583
Indices_supporting: [23, 23, 12, 35, 12, 18, 33, 23, 31, 33, 23, 32, 11, 23, 12, 23, 34, 5, 9, 8, 13, 1, 23, 14, 17, 27, 0, 31, 22, 2, 15, 34, 27, 1, 23, 32, 35, 2, 35, 8, 23]


       ‖ R_sol   N_mob
========================
S_sol  ‖ m       <       
------------------------
R_sol  ‖         <       

Vertical_support: 0.583
Indices_supporting: [21, 8, 5, 26, 26, 12, 22, 16, 22, 21, 21, 34, 1, 0, 31, 26, 8, 24, 12, 1, 8, 30, 34, 7, 7, 4, 20, 22, 12, 18, 15, 21, 5, 20, 6, 12, 3, 33, 31]


       ‖ F_sol   S_sol
========================
S_sol  ‖ m       <       
------------------------
F_sol  ‖         m       

Vertical_support: 0.583
Indices_supporting: [35, 15, 5, 29, 0, 32, 16, 26, 9, 31, 27, 7, 7, 29, 9, 4, 32, 33, 22, 6, 29, 12, 2, 3, 19, 34, 29, 22, 6, 22, 35]


       ‖ F_sol   R_sol   F_sol
================================
S_sol  ‖ m       <       <       
--------------------------------
F_sol  ‖         m       <       
--------------------------------
R_sol  ‖                 m       

Vertical_support: 0.583
Indices_supporting: [10, 6, 32, 6, 34, 18, 18, 7, 27, 14, 4, 16, 8, 33, 31, 35, 0, 25, 22, 9, 9, 33, 5, 33, 2, 16, 7, 5, 34, 24]


       ‖ S_sol   R_sol
========================
F_sol  ‖ <       <       
------------------------
S_sol  ‖         m       

Vertical_support: 0.583
Indices_supporting: [30, 16, 33, 23, 12, 25, 31, 33, 8, 11, 0, 12, 18, 13, 1, 14, 35, 31, 22, 15, 11, 5, 34, 32, 3, 16, 8, 15, 8, 34]


       ‖ N_mob   N_mob
========================
R_sol  ‖ m       <       
------------------------
N_mob  ‖         <       

Vertical_support: 0.556
Indices_supporting: [17, 16, 8, 4, 26, 16, 23, 26, 29, 15, 17, 24, 5, 29, 10, 10, 16, 22, 3, 0, 16, 29, 26, 6, 17, 7, 7, 23, 30, 22, 23, 15, 4, 10, 22, 3, 22, 33, 30, 9, 16, 29, 7, 0, 6, 3, 25]


       ‖ S_sol   R_sol   F_sol
================================
R_sol  ‖ m       <       <       
--------------------------------
S_sol  ‖         m       <       
--------------------------------
R_sol  ‖                 m       

Vertical_support: 0.556
Indices_supporting: [25, 18, 35, 32, 1, 30, 11, 4, 8, 22, 33, 12, 34, 15, 8, 16, 12, 14, 23, 24, 14, 3, 31]


       ‖ F_sol   R_sol   F_sol
================================
N_mob  ‖ <       <       <       
--------------------------------
F_sol  ‖         m       <       
--------------------------------
R_sol  ‖                 m       

Vertical_support: 0.556
Indices_supporting: [24, 10, 32, 12, 2, 16, 34, 18, 12, 26, 7, 24, 27, 4, 1, 17, 4, 33, 31, 15, 1, 33, 23, 5, 23, 16, 8]


       ‖ N_mob   S_sol
========================
N_mob  ‖ <       <       
------------------------
N_mob  ‖         <       

Vertical_support: 0.556
Indices_supporting: [29, 26, 26, 7, 10, 3, 3, 15, 22, 7, 20, 17, 20, 20, 29, 3, 31, 29, 7, 3, 26, 6, 22, 35, 15, 21, 29, 31, 19, 3, 12, 23, 7, 10, 25, 29, 13, 22, 21, 28, 9, 22, 17, 12, 17, 31]


       ‖ F_sol
================
N_mob  ‖ m       

Vertical_support: 0.556
Indices_supporting: [2, 27, 7, 21, 10, 12, 22, 12, 20, 29, 22, 18, 31, 23, 35, 4, 26, 19, 9, 28, 2, 35, 33, 21, 8, 2, 7, 22, 9, 7, 9, 26, 7]


       ‖ N_mob   F_sol
========================
S_sol  ‖ <       <       
------------------------
N_mob  ‖         <       

Vertical_support: 0.556
Indices_supporting: [18, 17, 7, 3, 10, 29, 22, 34, 30, 7, 4, 20, 16, 4, 0, 29, 12, 0, 8, 3, 26, 22, 29, 21, 34, 33, 1, 7, 31, 26, 0, 22, 34]


       ‖ S_sol   N_mob
========================
F_sol  ‖ m       <       
------------------------
S_sol  ‖         <       

Vertical_support: 0.556
Indices_supporting: [21, 29, 34, 33, 33, 7, 29, 4, 32, 29, 2, 9, 21, 33, 12, 4, 21, 8, 5, 2, 4, 35, 16, 32, 22, 0, 29, 6, 22, 12, 22, 34, 7, 34, 7, 7, 22, 29, 29, 3, 34, 22, 33, 4, 21, 31, 21, 29, 7, 12, 29, 0, 29, 7, 12, 30, 21, 9]


       ‖ S_sol   R_sol
========================
R_sol  ‖ <       <       
------------------------
S_sol  ‖         m       

Vertical_support: 0.528
Indices_supporting: [16, 13, 23, 13, 12, 31, 31, 33, 0, 11, 0, 26, 12, 21, 13, 1, 31, 22, 15, 11, 5, 34, 7, 32, 3, 31, 5, 8]


       ‖ N_mob   R_sol
========================
R_sol  ‖ <       <       
------------------------
N_mob  ‖         <       

Vertical_support: 0.528
Indices_supporting: [23, 30, 26, 7, 30, 31, 12, 35, 12, 12, 31, 23, 1, 23, 20, 26, 12, 16, 15, 21, 35, 16, 21, 17, 12, 26, 31, 22, 9, 15, 8, 1, 16, 3, 3, 2, 27, 8]


       ‖ S_sol   N_mob
========================
N_mob  ‖ <       <       
------------------------
S_sol  ‖         <       

Vertical_support: 0.528
Indices_supporting: [21, 29, 33, 29, 17, 13, 31, 29, 21, 33, 14, 21, 8, 5, 29, 17, 35, 29, 3, 3, 26, 22, 7, 8, 30, 1, 7, 22, 29, 7, 4, 29, 3, 22, 22, 33, 12, 21, 21, 29, 20, 7, 12, 29, 7, 29, 20, 13, 12, 31, 21, 26]


       ‖ S_sol   R_sol
========================
N_mob  ‖ <       <       
------------------------
S_sol  ‖         m       

Vertical_support: 0.528
Indices_supporting: [20, 4, 33, 23, 12, 31, 8, 11, 26, 12, 22, 15, 21, 14, 18, 13, 1, 14, 31, 22, 15, 11, 5, 13, 7, 3, 3, 8, 31, 15, 8]


       ‖ S_sol
================
N_mob  ‖ m       

Vertical_support: 0.528
Indices_supporting: [33, 34, 29, 0, 32, 22, 9, 5, 20, 17, 8, 29, 29, 22, 4, 26, 5, 33, 16, 21, 26, 0, 10, 32, 24, 22, 10, 18, 28]


       ‖ R_sol   N_mob
========================
S_sol  ‖ <       <       
------------------------
R_sol  ‖         <       

Vertical_support: 0.528
Indices_supporting: [20, 29, 16, 22, 9, 31, 29, 33, 1, 31, 16, 12, 34, 17, 7, 24, 30, 10, 6, 3, 6, 8, 4]


       ‖ N_mob
================
S_sol  ‖ m       

Vertical_support: 0.528
Indices_supporting: [29, 26, 29, 22, 15, 21, 27, 15, 10, 26, 20, 2, 19, 32, 31, 22, 28, 1, 33, 20, 33, 10, 20, 0, 29, 11, 26, 3, 10, 16, 33, 19]


       ‖ R_sol   N_mob
========================
F_sol  ‖ m       <       
------------------------
R_sol  ‖         m       

Vertical_support: 0.528
Indices_supporting: [17, 33, 24, 23, 5, 15, 22, 16, 16, 7, 6, 23, 10, 15, 3, 24, 16, 12, 18, 7, 0, 21, 4, 23, 29, 22, 9]


       ‖ R_sol   F_sol   N_mob
================================
F_sol  ‖ m       <       <       
--------------------------------
R_sol  ‖         m       <       
--------------------------------
F_sol  ‖                 <       

Vertical_support: 0.528
Indices_supporting: [14, 23, 35, 1, 15, 17, 8, 8, 5, 24, 10, 31, 9, 33, 27, 23, 23, 22, 23, 33, 12, 0, 23, 26, 23, 30]


       ‖ R_sol   F_sol   S_sol
================================
F_sol  ‖ m       <       <       
--------------------------------
R_sol  ‖         m       <       
--------------------------------
F_sol  ‖                 m       

Vertical_support: 0.528
Indices_supporting: [34, 33, 27, 35, 5, 27, 34, 18, 25, 4, 33, 8, 35, 2, 14, 22, 7, 0, 10, 14, 33, 35, 32, 24, 9, 30]


       ‖ N_mob   R_sol
========================
F_sol  ‖ <       <       
------------------------
N_mob  ‖         <       

Vertical_support: 0.528
Indices_supporting: [23, 30, 26, 33, 7, 9, 23, 12, 16, 7, 21, 35, 16, 30, 33, 15, 31, 16, 22, 27, 5, 8, 4, 3, 12, 22, 25, 12, 8]


       ‖ N_mob   N_mob
========================
F_sol  ‖ m       <       
------------------------
N_mob  ‖         <       

Vertical_support: 0.528
Indices_supporting: [29, 33, 29, 16, 17, 29, 2, 28, 26, 31, 21, 2, 3, 29, 15, 21, 16, 29, 10, 27, 35, 31, 19, 28, 22, 33, 17, 28, 29, 26, 29, 24, 12, 7, 21, 12, 26, 21, 3, 35, 29, 26, 29, 29, 28, 28]


       ‖ R_sol   F_sol   R_sol
================================
R_sol  ‖ <       <       <       
--------------------------------
R_sol  ‖         m       <       
--------------------------------
F_sol  ‖                 m       

Vertical_support: 0.5
Indices_supporting: [23, 1, 35, 12, 12, 18, 33, 23, 14, 23, 23, 32, 23, 23, 34, 5, 31, 9, 8, 17, 23, 14, 12, 27, 0, 2, 11, 8, 27, 1, 23, 35, 2, 35, 23]


       ‖ R_sol   S_sol
========================
N_mob  ‖ <       <       
------------------------
R_sol  ‖         m       

Vertical_support: 0.5
Indices_supporting: [30, 1, 23, 7, 3, 3, 15, 7, 11, 34, 20, 20, 29, 22, 8, 7, 3, 25, 15, 31, 12, 23, 13, 28, 17, 12, 17, 31]


       ‖ R_sol   N_mob
========================
N_mob  ‖ m       <       
------------------------
R_sol  ‖         <       

Vertical_support: 0.5
Indices_supporting: [14, 26, 9, 31, 2, 8, 8, 10, 10, 32, 9, 8, 30, 22, 17, 12, 10, 27, 1, 24, 11, 13, 8, 4]


       ‖ R_sol   F_sol   R_sol
================================
S_sol  ‖ m       <       <       
--------------------------------
R_sol  ‖         m       <       
--------------------------------
F_sol  ‖                 m       

Vertical_support: 0.5
Indices_supporting: [1, 32, 12, 34, 14, 5, 23, 13, 22, 31, 18, 14, 23, 12, 25, 35, 11, 8, 4, 24, 33]


       ‖ R_sol   F_sol   F_sol
================================
S_sol  ‖ m       <       <       
--------------------------------
R_sol  ‖         m       <       
--------------------------------
F_sol  ‖                 <       

Vertical_support: 0.5
Indices_supporting: [18, 23, 18, 8, 12, 15, 34, 16, 35, 33, 0, 3, 26, 32, 5, 21, 34, 1, 23, 22, 31]


       ‖ N_mob   S_sol
========================
S_sol  ‖ <       <       
------------------------
N_mob  ‖         <       

Vertical_support: 0.5
Indices_supporting: [0, 4, 29, 26, 10, 31, 7, 20, 29, 3, 31, 29, 7, 26, 6, 22, 21, 19, 33, 25, 29, 22, 13, 17, 12, 17]


       ‖ F_sol   F_sol
========================
S_sol  ‖ <       <       
------------------------
F_sol  ‖         <       

Vertical_support: 0.5
Indices_supporting: [18, 23, 22, 18, 8, 12, 15, 34, 16, 35, 33, 0, 3, 26, 32, 5, 21, 34, 1, 5, 23, 22, 31]


       ‖ F_sol   S_sol
========================
S_sol  ‖ m       <       
------------------------
F_sol  ‖         <       

Vertical_support: 0.5
Indices_supporting: [30, 34, 6, 32, 10, 3, 7, 5, 11, 8, 8, 13, 29, 20, 29, 7, 33, 22, 17, 33, 29, 35, 17, 18, 17]


       ‖ S_sol   F_sol
========================
F_sol  ‖ m       <       
------------------------
S_sol  ‖         <       

Vertical_support: 0.5
Indices_supporting: [14, 7, 32, 22, 29, 6, 18, 27, 14, 4, 29, 35, 32, 8, 5, 21, 33, 4, 0, 9, 9, 21, 33, 33, 34, 16, 6, 5, 32, 0, 5, 22, 22, 34, 7]


       ‖ F_sol   R_sol   F_sol
================================
F_sol  ‖ <       <       <       
--------------------------------
F_sol  ‖         m       <       
--------------------------------
R_sol  ‖                 m       

Vertical_support: 0.5
Indices_supporting: [23, 8, 23, 32, 0, 6, 14, 18, 27, 23, 14, 4, 26, 1, 35, 8, 35, 27, 33, 23, 0, 33, 9, 9, 32, 15, 34, 33, 23, 5, 23, 16, 5, 34]


       ‖ R_sol   S_sol   R_sol
================================
F_sol  ‖ m       <       <       
--------------------------------
R_sol  ‖         m       <       
--------------------------------
S_sol  ‖                 m       

Vertical_support: 0.5
Indices_supporting: [30, 23, 12, 25, 31, 8, 33, 11, 12, 18, 13, 1, 14, 31, 22, 15, 11, 34, 32, 3, 16, 8, 15, 8]


       ‖ R_sol   R_sol   F_sol
================================
F_sol  ‖ m       <       <       
--------------------------------
R_sol  ‖         <       <       
--------------------------------
R_sol  ‖                 m       

Vertical_support: 0.5
Indices_supporting: [23, 8, 23, 0, 18, 32, 1, 14, 11, 23, 22, 26, 1, 33, 35, 12, 34, 35, 27, 8, 23, 33, 32, 12, 15, 14, 34, 23, 23, 5, 23, 31]


       ‖ R_sol   F_sol   F_sol
================================
F_sol  ‖ m       <       <       
--------------------------------
R_sol  ‖         m       <       
--------------------------------
F_sol  ‖                 <       

Vertical_support: 0.5
Indices_supporting: [4, 2, 23, 8, 33, 23, 0, 14, 7, 23, 30, 26, 1, 35, 32, 22, 35, 27, 23, 33, 32, 35, 15, 8, 34, 23, 5, 23, 34]


       ‖ S_sol   F_sol
========================
F_sol  ‖ <       <       
------------------------
S_sol  ‖         m       

Vertical_support: 0.5
Indices_supporting: [4, 2, 17, 7, 33, 17, 22, 29, 7, 30, 29, 3, 32, 6, 22, 29, 35, 30, 10, 23, 4, 29, 7, 9, 35, 21, 8, 32, 34, 22, 34, 7]
