92 TIRPs, 128s

       ‖ N_mob
================
N_mob  ‖ <       

Vertical_support: 1.0
Indices_supporting: [21, 18, 17, 1, 33, 32, 26, 35, 0, 29, 9, 6, 26, 22, 19, 21, 22, 17, 31, 28, 30, 8, 2, 1, 17, 10, 26, 23, 20, 22, 2, 26, 35, 34, 28, 2, 2, 15, 31, 10, 21, 23, 1, 24, 28, 4, 6, 3, 3, 16, 13, 20, 29, 28, 28, 32, 24, 21, 33, 30, 8, 5, 24, 3, 17, 16, 16, 20, 24, 9, 29, 7, 33, 21, 3, 35, 12, 6, 5, 19, 34, 14, 33, 34, 8, 7, 1, 0, 16, 17, 10, 9, 10, 23, 22, 19, 22, 27, 14, 28, 25, 28, 27, 23, 23, 22, 1, 33, 28, 10, 7, 6, 3, 22, 16, 12, 29, 11, 7, 2, 15, 30, 29, 30, 4, 6, 20, 16, 16, 15, 12, 26, 25, 29, 21, 35, 30, 12, 12, 8, 24, 4, 18, 17, 14, 30, 13, 27, 26, 1, 32, 13, 10, 8, 5, 22, 22, 14, 11, 30, 27, 31, 8, 10, 7, 16, 31, 28, 24, 33, 15, 27, 4, 21, 16, 33, 26, 20, 0, 16, 15, 12, 9, 26, 8, 25, 21, 18, 18, 17, 29, 34, 12, 34, 26, 8, 20, 33, 10, 12, 26, 20, 22, 26, 32, 31, 9, 8, 5, 2, 28, 26, 19, 28, 10, 3, 20, 15, 31, 28, 25, 24, 21, 27, 7, 4, 4, 3, 20, 16, 21, 24, 12, 28, 29, 29, 21, 3, 0, 15, 12, 12, 5, 7, 21, 20, 22, 34, 29, 7, 4, 3, 17, 35, 29, 26, 21, 9, 8, 22, 2, 4, 17, 7, 26, 26, 1, 13, 10, 9, 6, 28, 2, 7, 24, 1, 16, 33, 10, 7, 7, 7, 3, 17, 16, 16, 15, 12, 20, 29, 29, 21, 3, 35, 30, 7]


       ‖ S_tib
================
N_mob  ‖ <       

Vertical_support: 1.0
Indices_supporting: [30, 29, 17, 13, 10, 12, 5, 12, 26, 1, 11, 10, 9, 32, 31, 28, 3, 14, 28, 33, 10, 7, 15, 21, 15, 7, 7, 17, 33, 12, 0, 15, 21, 14, 22, 20, 2, 18, 12, 24, 33, 7, 17, 16, 25, 24, 3, 21, 4, 0, 34, 9, 26, 0, 0, 9, 6, 23, 27, 26, 23, 13, 6, 2, 24, 4, 20, 3, 12, 30, 7, 24, 17, 16, 19, 12, 2, 27, 10, 7, 23, 6, 22, 2, 16, 29, 28, 33, 12, 27, 7, 20, 16, 33, 16, 11, 8, 8, 8, 12, 26, 35, 1, 34, 31, 23, 22, 7, 6, 22, 2, 28, 33, 27, 20, 13, 26, 18, 15, 8]


       ‖ F_tib
================
N_mob  ‖ <       

Vertical_support: 0.972
Indices_supporting: [23, 17, 16, 33, 26, 13, 12, 9, 9, 8, 2, 8, 8, 34, 14, 25, 5, 1, 12, 11, 27, 24, 4, 23, 27, 30, 15, 12, 27, 8, 0, 32, 26, 26, 25, 35, 12, 25, 31, 26, 23, 1, 7, 6, 5, 18, 8, 2, 1, 15, 27, 10, 7, 27, 16, 2, 21, 21, 20, 1, 33, 3, 34, 5, 2, 5, 22, 23, 18, 31, 26, 4, 6, 2, 16, 32, 28, 1, 15, 7, 24, 29, 8, 7, 3, 0, 32, 9, 24, 33, 8, 8, 35, 0, 17, 13, 27, 9, 29, 35, 34, 6, 5, 22, 18, 17, 34, 8, 1, 1, 22, 27, 22, 8, 6, 3, 15, 12, 24, 4, 21, 24, 17, 16, 30, 33, 26, 24, 20, 16, 33, 13, 9, 25, 22, 18, 14, 18, 0, 14, 27, 10, 23, 33, 22, 16, 14, 23, 1, 6, 24, 33, 15, 12, 9]


       ‖ N_mob
================
F_tib  ‖ <       

Vertical_support: 0.972
Indices_supporting: [21, 18, 17, 1, 33, 32, 26, 35, 0, 29, 9, 6, 26, 21, 17, 31, 8, 2, 1, 17, 26, 23, 26, 22, 2, 34, 28, 2, 2, 2, 15, 23, 1, 28, 4, 6, 3, 20, 16, 13, 32, 28, 24, 21, 33, 27, 5, 24, 16, 33, 24, 9, 21, 3, 35, 12, 6, 5, 34, 14, 33, 27, 8, 1, 17, 16, 10, 27, 23, 22, 32, 14, 25, 27, 23, 23, 1, 28, 10, 6, 22, 16, 12, 9, 11, 7, 30, 4, 1, 6, 20, 16, 16, 15, 29, 26, 25, 33, 21, 35, 30, 12, 12, 8, 4, 18, 17, 27, 26, 1, 32, 13, 8, 5, 22, 22, 14, 11, 30, 27, 8, 7, 33, 15, 27, 4, 21, 34, 33, 20, 16, 15, 9, 26, 25, 21, 18, 18, 34, 34, 12, 8, 20, 33, 26, 22, 32, 31, 9, 8, 5, 2, 26, 10, 32, 31, 28, 25, 24, 1, 27, 7, 4, 24, 20, 16, 12, 28, 29, 3, 0, 15, 12, 12, 7, 22, 20, 34, 31, 4, 35, 17, 26, 21, 0, 8, 22, 2, 4, 17, 26, 26, 1, 13, 10, 9, 6, 28, 2, 24, 1, 33, 10, 7, 7, 24, 3, 16, 15, 12, 21, 3, 0, 35, 30, 7]


       ‖ N_mob
================
S_tib  ‖ <       

Vertical_support: 0.944
Indices_supporting: [21, 18, 33, 26, 29, 6, 22, 21, 22, 28, 30, 2, 17, 10, 26, 20, 2, 28, 2, 2, 31, 10, 21, 1, 4, 3, 16, 13, 29, 28, 28, 21, 33, 8, 27, 3, 17, 16, 16, 33, 29, 9, 7, 21, 12, 6, 33, 8, 7, 0, 16, 10, 9, 23, 22, 22, 14, 28, 25, 28, 23, 22, 33, 28, 10, 22, 12, 29, 11, 7, 15, 30, 29, 30, 4, 1, 20, 16, 33, 12, 26, 25, 29, 21, 31, 30, 12, 12, 24, 4, 17, 30, 13, 27, 32, 13, 10, 5, 22, 31, 8, 10, 7, 35, 31, 28, 25, 24, 33, 27, 4, 21, 16, 20, 16, 12, 9, 21, 17, 20, 33, 12, 26, 26, 22, 32, 8, 2, 28, 28, 10, 20, 28, 24, 1, 7, 4, 21, 20, 16, 12, 28, 29, 29, 21, 12, 12, 7, 21, 20, 29, 7, 4, 17, 29, 21, 9, 8, 22, 4, 17, 26, 1, 13, 10, 28, 7, 16, 33, 10, 7, 7, 7, 3, 17, 16, 16, 12, 29, 29, 21, 7]


       ‖ R_tib
================
N_mob  ‖ <       

Vertical_support: 0.944
Indices_supporting: [20, 0, 34, 3, 25, 24, 27, 34, 31, 30, 33, 5, 35, 27, 23, 32, 22, 7, 16, 33, 7, 16, 12, 25, 3, 15, 12, 4, 4, 0, 16, 9, 8, 5, 22, 18, 18, 17, 30, 8, 23, 1, 13, 9, 26, 2, 16, 34, 31, 31, 5, 5, 7, 16, 3, 15, 28, 24, 18, 7, 24, 29, 9, 9, 15, 8, 22, 26, 6, 22, 2, 35, 34, 28, 14, 7, 22, 33, 32, 3, 2, 12, 27, 24, 23, 1, 30, 32, 33, 7, 6, 35, 17, 16, 32, 6, 35, 5, 1, 1, 25, 10, 22, 1, 31, 11, 10, 27, 23, 1, 1, 6, 3, 15, 15, 24, 30, 32, 7, 2, 9, 32, 5, 22, 35, 31, 15, 8, 5, 11, 13, 24, 8, 31, 15, 25, 27, 24, 8, 8, 33, 9, 25, 28, 2, 12, 8, 24]


       ‖ F_tib
================
F_tib  ‖ <       

Vertical_support: 0.944
Indices_supporting: [23, 16, 33, 26, 1, 0, 35, 32, 12, 9, 9, 8, 35, 14, 8, 34, 14, 25, 35, 5, 1, 15, 12, 11, 27, 27, 23, 1, 32, 18, 32, 12, 32, 27, 8, 8, 32, 26, 23, 25, 25, 31, 26, 23, 35, 0, 6, 5, 35, 18, 8, 2, 1, 14, 27, 10, 7, 27, 6, 0, 2, 25, 21, 1, 33, 3, 32, 18, 34, 5, 2, 22, 11, 23, 18, 26, 2, 4, 6, 2, 32, 28, 1, 7, 24, 33, 8, 7, 3, 32, 9, 25, 25, 24, 33, 8, 27, 35, 17, 13, 27, 29, 23, 35, 6, 5, 18, 18, 17, 14, 34, 34, 8, 1, 1, 22, 32, 14, 27, 22, 2, 8, 6, 12, 25, 24, 4, 21, 17, 16, 30, 33, 33, 26, 34, 5, 24, 0, 14, 16, 13, 33, 9, 6, 25, 22, 25, 18, 32, 34, 5, 24, 18, 0, 14, 15, 27, 27, 23, 33, 6, 5, 16, 18, 15, 14, 18, 31, 23, 1, 15, 6, 16, 15, 12, 9]


       ‖ S_tib
================
F_tib  ‖ <       

Vertical_support: 0.944
Indices_supporting: [30, 17, 13, 5, 12, 26, 0, 10, 9, 32, 32, 31, 22, 14, 10, 7, 15, 17, 33, 34, 12, 0, 21, 25, 32, 2, 18, 24, 33, 7, 25, 24, 3, 0, 9, 26, 0, 31, 6, 23, 5, 27, 24, 26, 27, 32, 2, 11, 4, 20, 12, 30, 24, 17, 16, 12, 27, 14, 7, 6, 22, 16, 18, 28, 12, 20, 16, 33, 16, 11, 8, 8, 1, 13, 26, 35, 34, 9, 23, 22, 6, 2, 31, 33, 27, 4, 13, 25, 18, 15, 8]


       ‖ F_tib
================
S_tib  ‖ <       

Vertical_support: 0.917
Indices_supporting: [4, 17, 33, 1, 13, 25, 25, 5, 12, 27, 24, 1, 30, 18, 32, 12, 27, 26, 25, 12, 26, 1, 35, 7, 2, 2, 10, 27, 27, 16, 6, 25, 21, 33, 32, 33, 5, 2, 23, 18, 31, 28, 1, 15, 7, 29, 7, 3, 0, 33, 8, 8, 27, 0, 34, 13, 9, 23, 25, 22, 18, 22, 22, 2, 2, 8, 3, 15, 24, 4, 21, 0, 14, 16, 13, 9, 6, 9, 32, 31, 24, 18, 27, 10, 23, 33, 35, 22, 16, 14, 23, 16, 24, 15, 12]


       ‖ N_mob
================
R_tib  ‖ <       

Vertical_support: 0.917
Indices_supporting: [1, 32, 35, 0, 9, 6, 22, 17, 31, 8, 23, 1, 10, 23, 22, 34, 28, 2, 15, 31, 10, 23, 1, 4, 6, 3, 3, 16, 13, 32, 29, 28, 28, 24, 33, 30, 8, 5, 24, 3, 24, 9, 29, 7, 3, 12, 6, 5, 34, 14, 34, 8, 7, 1, 0, 16, 17, 10, 9, 23, 27, 22, 22, 32, 28, 25, 27, 22, 1, 33, 28, 7, 6, 22, 16, 12, 9, 29, 7, 2, 15, 30, 4, 1, 6, 16, 16, 15, 12, 33, 35, 30, 12, 8, 24, 4, 18, 17, 14, 30, 13, 1, 32, 13, 10, 6, 5, 8, 22, 14, 11, 30, 27, 31, 10, 7, 16, 35, 31, 28, 25, 24, 27, 4, 34, 16, 33, 0, 15, 12, 9, 26, 8, 25, 29, 18, 34, 34, 12, 26, 8, 33, 12, 26, 22, 31, 9, 8, 5, 2, 15, 31, 32, 25, 24, 27, 7, 4, 4, 24, 16, 29, 28, 29, 3, 0, 15, 7, 34, 31, 29, 7, 3, 35, 29, 26, 22, 2, 26, 1, 13, 6, 25, 2, 24, 1, 16, 33, 7, 7, 7, 3, 24, 16, 29, 3, 0, 35, 7]


       ‖ R_tib
================
S_tib  ‖ <       

Vertical_support: 0.889
Indices_supporting: [20, 0, 34, 25, 34, 31, 5, 22, 18, 7, 23, 33, 7, 12, 25, 15, 12, 4, 4, 14, 32, 16, 8, 24, 18, 17, 8, 5, 1, 13, 9, 16, 31, 7, 24, 1, 16, 31, 28, 27, 4, 18, 13, 9, 25, 22, 13, 9, 6, 22, 2, 2, 14, 22, 33, 32, 25, 3, 12, 27, 33, 32, 7, 6, 16, 32, 6, 1, 35, 10, 22, 1, 11, 23, 24, 33, 7, 30, 0, 35, 15, 8, 33, 11, 13, 24, 8, 0, 31, 11, 2, 28, 6, 27, 24]


       ‖ F_tib
================
S_tib  ‖ m       

Vertical_support: 0.889
Indices_supporting: [31, 26, 2, 11, 8, 34, 12, 11, 24, 23, 32, 18, 32, 12, 32, 25, 27, 8, 0, 26, 35, 9, 26, 0, 6, 18, 27, 10, 7, 27, 6, 2, 25, 21, 21, 20, 33, 22, 2, 33, 4, 6, 16, 17, 25, 8, 13, 29, 34, 28, 22, 17, 1, 13, 22, 12, 12, 4, 21, 17, 16, 33, 26, 24, 20, 16, 33, 13, 22, 18, 14, 0, 14, 14, 27, 10, 33, 5, 23, 6, 32, 33, 12]


       ‖ N_mob   N_mob
========================
N_mob  ‖ <       <       
------------------------
N_mob  ‖         <       

Vertical_support: 0.889
Indices_supporting: [21, 17, 1, 33, 26, 35, 29, 26, 22, 21, 19, 17, 28, 30, 8, 17, 10, 26, 26, 23, 22, 20, 28, 15, 10, 21, 23, 28, 4, 20, 3, 3, 16, 13, 29, 28, 28, 21, 33, 30, 24, 5, 20, 3, 33, 16, 16, 29, 7, 21, 3, 12, 34, 34, 8, 7, 1, 16, 10, 10, 22, 22, 19, 28, 22, 1, 33, 28, 10, 7, 22, 3, 16, 29, 12, 7, 30, 15, 29, 4, 6, 20, 16, 16, 29, 26, 12, 21, 30, 12, 24, 4, 17, 26, 13, 10, 8, 22, 22, 5, 30, 27, 10, 7, 28, 21, 4, 20, 16, 29, 26, 9, 12, 25, 21, 17, 12, 26, 20, 12, 26, 26, 22, 31, 2, 28, 26, 19, 28, 10, 20, 15, 31, 28, 27, 24, 21, 7, 20, 3, 29, 29, 28, 21, 3, 0, 12, 7, 21, 20, 29, 4, 3, 17, 29, 26, 21, 2, 17, 26, 28, 10, 7, 1, 33, 10, 7, 7, 20, 17, 3, 16, 16, 29, 12, 21, 35, 3, 30, 24]


       ‖ F_tib
================
R_tib  ‖ m       

Vertical_support: 0.889
Indices_supporting: [4, 23, 17, 16, 33, 1, 0, 35, 13, 12, 9, 9, 8, 25, 32, 35, 14, 8, 14, 25, 35, 5, 1, 15, 27, 24, 4, 27, 1, 30, 15, 8, 32, 26, 23, 25, 12, 25, 31, 23, 1, 35, 7, 5, 35, 8, 2, 2, 1, 15, 14, 27, 16, 0, 1, 3, 32, 18, 34, 33, 5, 5, 22, 11, 23, 23, 18, 18, 31, 26, 2, 2, 32, 28, 1, 15, 7, 24, 33, 29, 8, 7, 3, 0, 32, 9, 25, 24, 33, 8, 27, 35, 0, 17, 34, 27, 9, 23, 35, 6, 25, 5, 18, 18, 34, 14, 34, 8, 1, 32, 14, 27, 22, 2, 2, 8, 34, 6, 3, 15, 6, 25, 24, 24, 34, 33, 30, 5, 0, 14, 9, 6, 9, 25, 25, 32, 34, 31, 5, 24, 18, 15, 27, 23, 35, 6, 22, 16, 18, 15, 14, 18, 31, 1, 15, 16, 24, 15, 9]


       ‖ R_tib
================
R_tib  ‖ <       

Vertical_support: 0.889
Indices_supporting: [0, 33, 9, 3, 24, 18, 18, 18, 33, 34, 34, 5, 35, 14, 27, 23, 32, 18, 7, 23, 16, 7, 2, 16, 12, 25, 25, 3, 34, 15, 12, 24, 0, 34, 25, 5, 22, 18, 30, 8, 23, 1, 14, 13, 2, 16, 18, 34, 31, 31, 27, 5, 5, 14, 31, 7, 24, 16, 24, 31, 3, 15, 15, 28, 24, 4, 16, 8, 7, 24, 0, 0, 13, 32, 29, 9, 9, 25, 0, 15, 8, 34, 14, 31, 33, 35, 13, 9, 6, 25, 22, 25, 26, 35, 34, 1, 15, 35, 22, 15, 3, 2, 18, 15, 24, 23, 1, 30, 33, 7, 16, 32, 6, 35, 5, 1, 25, 35, 0, 35, 10, 22, 1, 14, 31, 27, 1, 1, 35, 6, 3, 15, 15, 24, 33, 30, 32, 7, 2, 9, 18, 15, 30, 32, 23, 5, 22, 31, 15, 5, 13, 24, 8, 35, 32, 31, 15, 11, 25, 27, 24, 8, 2, 8, 33, 32, 28, 25, 2, 12, 8, 24]


       ‖ S_tib
================
R_tib  ‖ <       

Vertical_support: 0.889
Indices_supporting: [30, 29, 13, 12, 5, 1, 0, 11, 9, 31, 6, 22, 14, 28, 10, 7, 15, 7, 7, 34, 33, 15, 14, 25, 22, 2, 18, 24, 17, 16, 25, 3, 4, 0, 34, 9, 9, 6, 23, 5, 27, 26, 23, 13, 32, 32, 6, 2, 11, 24, 4, 7, 4, 24, 17, 12, 31, 27, 14, 10, 7, 23, 22, 2, 16, 29, 31, 33, 27, 7, 16, 8, 14, 8, 13, 1, 31, 9, 23, 22, 7, 6, 22, 2, 31, 28, 27, 26, 25, 15]


       ‖ F_tib
================
R_tib  ‖ <       

Vertical_support: 0.889
Indices_supporting: [4, 16, 26, 1, 35, 12, 9, 25, 8, 8, 8, 34, 14, 35, 5, 11, 27, 24, 24, 32, 15, 32, 32, 27, 8, 0, 23, 12, 9, 25, 31, 23, 6, 5, 35, 8, 2, 14, 27, 7, 2, 1, 3, 32, 18, 33, 5, 18, 18, 2, 4, 6, 16, 32, 1, 15, 7, 24, 33, 8, 7, 3, 32, 25, 25, 24, 8, 34, 13, 27, 29, 23, 35, 34, 22, 18, 17, 14, 34, 34, 8, 1, 1, 13, 22, 32, 14, 27, 6, 3, 15, 12, 24, 4, 24, 17, 16, 30, 33, 33, 34, 5, 0, 33, 13, 9, 25, 25, 22, 31, 5, 14, 27, 10, 23, 35, 22, 31, 23, 1, 15, 6, 16, 32, 24, 33, 15, 12, 9]


       ‖ R_tib
================
S_tib  ‖ m       

Vertical_support: 0.861
Indices_supporting: [30, 20, 1, 1, 23, 33, 30, 7, 32, 22, 7, 28, 25, 24, 31, 2, 9, 34, 5, 12, 18, 30, 24, 15, 23, 30, 31, 7, 23, 7, 24, 29, 31, 35, 9, 31, 15, 28, 27, 4, 7, 11, 1, 16, 7, 24, 7, 13, 29, 16, 25, 12, 10, 0, 15, 3, 9, 11, 27, 12, 10, 31, 4, 0, 2, 13, 28, 0, 2, 25, 8, 22, 3, 17, 15]


       ‖ R_tib
================
F_tib  ‖ <       

Vertical_support: 0.861
Indices_supporting: [20, 33, 9, 3, 25, 24, 27, 18, 18, 34, 33, 14, 27, 32, 22, 7, 16, 33, 7, 2, 12, 25, 24, 4, 4, 16, 34, 9, 8, 22, 5, 18, 18, 17, 24, 30, 23, 14, 13, 2, 31, 31, 27, 5, 5, 14, 7, 1, 16, 24, 3, 15, 28, 27, 18, 16, 8, 7, 24, 13, 9, 0, 15, 9, 8, 34, 14, 31, 33, 13, 6, 22, 2, 35, 34, 28, 1, 1, 35, 22, 33, 32, 2, 15, 12, 27, 24, 23, 1, 32, 6, 6, 35, 5, 25, 35, 0, 14, 31, 27, 23, 1, 1, 15, 15, 32, 7, 9, 18, 32, 23, 8, 5, 33, 11, 13, 8, 35, 32, 15, 11, 25, 27, 24, 8, 33, 32, 28, 25, 6, 2, 8, 24]


       ‖ S_tib
================
R_tib  ‖ m       

Vertical_support: 0.861
Indices_supporting: [20, 27, 24, 33, 25, 13, 10, 5, 8, 11, 24, 0, 1, 13, 13, 32, 3, 12, 32, 32, 31, 12, 2, 25, 35, 3, 22, 24, 30, 28, 33, 7, 24, 34, 9, 7, 16, 22, 16, 7, 25, 15, 22, 2, 24, 15, 30, 31, 27, 0, 7, 33, 9, 34, 4, 14, 10, 0, 13, 31, 22, 16, 6, 18, 15, 28, 31, 15, 8, 23]


       ‖ S_tib
================
S_tib  ‖ <       

Vertical_support: 0.833
Indices_supporting: [30, 17, 13, 10, 12, 12, 26, 13, 10, 32, 28, 22, 28, 33, 10, 7, 21, 30, 7, 7, 17, 12, 0, 15, 21, 25, 25, 22, 12, 7, 16, 21, 26, 9, 18, 27, 24, 23, 13, 32, 11, 11, 4, 3, 12, 7, 4, 16, 2, 31, 27, 10, 7, 6, 2, 29, 28, 31, 33, 12, 27, 20, 33, 16, 11, 8, 13, 13, 12, 26, 22, 31, 28, 27, 4, 20, 13, 8]


       ‖ S_tib
================
F_tib  ‖ m       

Vertical_support: 0.833
Indices_supporting: [5, 12, 27, 7, 29, 27, 16, 23, 17, 13, 25, 32, 12, 32, 16, 6, 11, 22, 12, 26, 24, 1, 8, 8, 11, 9, 13, 26, 28, 18, 6, 12, 14, 1, 31, 4, 33, 23, 17, 7, 6, 12, 21, 2, 28, 21, 4, 34, 7, 17, 26, 27, 33, 12, 20, 0, 7, 6, 23, 2, 9, 25, 26, 18, 21, 33, 14]


       ‖ F_tib   F_tib
========================
R_tib  ‖ m       <       
------------------------
F_tib  ‖         <       

Vertical_support: 0.833
Indices_supporting: [16, 26, 1, 35, 12, 9, 8, 8, 34, 14, 35, 5, 11, 27, 32, 32, 27, 8, 23, 25, 31, 23, 6, 5, 35, 8, 14, 7, 2, 1, 3, 18, 18, 2, 4, 6, 32, 24, 33, 8, 7, 3, 32, 25, 25, 24, 27, 29, 23, 35, 18, 17, 14, 34, 34, 8, 1, 1, 32, 14, 27, 6, 12, 24, 4, 17, 16, 33, 30, 34, 5, 33, 13, 25, 25, 22, 5, 14, 27, 31, 23, 1, 15, 6, 16, 15, 9]


       ‖ F_tib   N_mob
========================
R_tib  ‖ m       <       
------------------------
F_tib  ‖         <       

Vertical_support: 0.833
Indices_supporting: [1, 35, 0, 9, 6, 31, 8, 22, 28, 15, 23, 4, 6, 3, 16, 13, 24, 5, 24, 9, 3, 6, 34, 14, 1, 17, 23, 27, 1, 28, 16, 9, 7, 4, 1, 6, 16, 33, 15, 35, 12, 8, 4, 18, 17, 13, 8, 5, 22, 11, 27, 4, 34, 15, 9, 26, 25, 18, 34, 12, 26, 31, 9, 5, 2, 25, 24, 7, 4, 29, 15, 7, 34, 26, 1, 6, 2, 24, 7, 7, 3, 3, 24]


       ‖ R_tib
================
F_tib  ‖ m       

Vertical_support: 0.806
Indices_supporting: [0, 34, 9, 3, 25, 27, 18, 18, 18, 31, 33, 34, 34, 5, 35, 14, 27, 23, 32, 22, 18, 23, 33, 2, 25, 25, 34, 15, 24, 4, 14, 32, 16, 34, 5, 24, 18, 18, 8, 5, 1, 14, 13, 9, 26, 2, 16, 18, 31, 27, 5, 14, 24, 1, 16, 3, 15, 15, 24, 18, 16, 8, 0, 0, 32, 9, 9, 32, 8, 34, 14, 33, 22, 35, 9, 6, 25, 22, 2, 2, 25, 15, 26, 34, 35, 15, 14, 33, 32, 15, 25, 3, 18, 15, 8, 27, 1, 30, 32, 33, 6, 35, 17, 16, 32, 6, 35, 5, 1, 14, 25, 35, 0, 35, 22, 1, 14, 11, 31, 27, 23, 23, 1, 1, 35, 6, 15, 24, 33, 30, 2, 0, 32, 27, 23, 5, 22, 35, 8, 5, 33, 13, 27, 24, 8, 35, 0, 32, 31, 25, 24, 8, 2, 8, 33, 32, 9, 25, 6, 12, 8, 24]


       ‖ N_mob   N_mob
========================
F_tib  ‖ <       <       
------------------------
N_mob  ‖         <       

Vertical_support: 0.806
Indices_supporting: [21, 18, 26, 29, 26, 9, 21, 17, 2, 1, 17, 26, 26, 23, 28, 1, 28, 20, 16, 28, 21, 16, 3, 12, 5, 34, 8, 16, 22, 23, 1, 10, 12, 7, 30, 4, 20, 16, 16, 29, 21, 30, 12, 4, 26, 13, 22, 27, 7, 21, 4, 16, 25, 21, 34, 20, 26, 22, 10, 27, 24, 7, 28, 3, 0, 12, 20, 35, 26, 2, 17, 28, 10, 1, 33, 10, 16, 12, 21, 35, 3, 7]


       ‖ N_mob   N_mob
========================
R_tib  ‖ <       <       
------------------------
N_mob  ‖         <       

Vertical_support: 0.806
Indices_supporting: [1, 35, 0, 9, 31, 8, 1, 22, 28, 15, 10, 4, 16, 13, 29, 28, 8, 24, 3, 9, 7, 3, 6, 34, 34, 14, 7, 10, 22, 22, 28, 27, 22, 33, 28, 7, 22, 16, 12, 7, 15, 4, 6, 16, 16, 12, 30, 24, 4, 17, 13, 10, 5, 31, 10, 31, 28, 4, 16, 29, 9, 26, 25, 12, 12, 26, 31, 9, 2, 7, 29, 29, 3, 7, 29, 3, 29, 26, 33, 7, 7, 3, 29, 3, 24]


       ‖ N_mob   F_tib
========================
N_mob  ‖ <       <       
------------------------
N_mob  ‖         <       

Vertical_support: 0.778
Indices_supporting: [23, 17, 16, 26, 7, 28, 9, 3, 8, 21, 15, 24, 1, 33, 17, 30, 8, 26, 10, 16, 7, 29, 20, 16, 16, 7, 13, 3, 22, 7, 33, 21, 21, 20, 27, 1, 10, 17, 30, 23, 4, 29, 3, 13, 35, 34, 22, 22, 5, 2, 1, 12, 26, 12, 15, 22, 26, 31]


       ‖ R_tib   F_tib
========================
S_tib  ‖ m       <       
------------------------
R_tib  ‖         m       

Vertical_support: 0.75
Indices_supporting: [4, 17, 1, 7, 13, 28, 3, 25, 15, 1, 24, 15, 2, 2, 7, 29, 16, 7, 0, 9, 9, 0, 31, 27, 24, 1, 30, 23, 34, 0, 9, 23, 35, 32, 15, 22, 25, 33, 5, 23, 24, 12, 18, 31, 2]


       ‖ R_tib   F_tib
========================
F_tib  ‖ m       <       
------------------------
R_tib  ‖         m       

Vertical_support: 0.75
Indices_supporting: [23, 33, 16, 35, 0, 1, 32, 12, 9, 9, 8, 35, 14, 8, 14, 25, 35, 5, 1, 15, 27, 8, 32, 23, 25, 25, 31, 23, 35, 5, 35, 8, 1, 14, 27, 0, 1, 3, 18, 34, 22, 11, 23, 18, 26, 2, 2, 32, 24, 33, 8, 3, 32, 9, 25, 24, 33, 27, 8, 35, 17, 27, 35, 6, 5, 18, 18, 34, 34, 14, 8, 1, 32, 14, 27, 22, 2, 8, 6, 25, 24, 34, 33, 30, 5, 14, 25, 25, 6, 32, 34, 5, 24, 18, 15, 27, 6, 18, 18, 15, 31, 14, 16, 1, 15, 16, 15, 9]


       ‖ R_tib   R_tib
========================
S_tib  ‖ m       <       
------------------------
R_tib  ‖         <       

Vertical_support: 0.722
Indices_supporting: [0, 24, 8, 1, 33, 7, 3, 34, 30, 31, 5, 7, 24, 7, 31, 16, 15, 28, 18, 4, 23, 1, 13, 7, 31, 9, 25, 35, 10, 25, 22, 11, 1, 15, 12, 2, 28, 9]


       ‖ F_tib   N_mob
========================
N_mob  ‖ <       <       
------------------------
F_tib  ‖         <       

Vertical_support: 0.722
Indices_supporting: [7, 1, 20, 7, 16, 10, 23, 12, 7, 34, 8, 21, 4, 1, 22, 2, 10, 16, 20, 15, 22, 26, 16, 9, 25, 28, 7, 12, 23, 20, 26, 6, 16, 4, 13, 26, 10, 13, 3, 28, 17, 5, 24, 16, 33, 7, 3, 10, 16, 13, 12, 21, 3, 8, 5, 21, 3, 6, 22, 27, 24]


       ‖ F_tib   R_tib
========================
N_mob  ‖ <       <       
------------------------
F_tib  ‖         m       

Vertical_support: 0.722
Indices_supporting: [34, 8, 0, 30, 13, 3, 33, 2, 16, 27, 31, 3, 34, 33, 5, 27, 5, 33, 1, 27, 16, 23, 32, 6, 16, 32, 5, 3, 35, 6, 22, 15, 35, 24, 5, 13, 1, 24, 8, 25, 9, 9, 25, 22, 25, 1, 8, 8, 24, 15, 27, 4, 1, 8, 33, 6, 26, 16, 25, 22, 2, 5, 12, 18, 8, 15]


       ‖ R_tib   F_tib
========================
N_mob  ‖ <       <       
------------------------
R_tib  ‖         m       

Vertical_support: 0.722
Indices_supporting: [23, 17, 16, 1, 7, 5, 3, 12, 28, 8, 15, 6, 24, 24, 15, 8, 1, 24, 30, 7, 8, 29, 7, 3, 9, 5, 1, 33, 18, 27, 8, 1, 35, 17, 23, 3, 9, 35, 15, 15, 22, 16, 14, 18, 34, 5, 8, 1, 32, 24, 12, 31, 22, 26, 31]


       ‖ R_tib   N_mob
========================
F_tib  ‖ m       <       
------------------------
R_tib  ‖         <       

Vertical_support: 0.722
Indices_supporting: [1, 32, 9, 17, 31, 8, 1, 23, 34, 2, 1, 6, 3, 32, 33, 9, 3, 5, 8, 16, 27, 22, 32, 25, 1, 6, 16, 9, 30, 1, 16, 16, 15, 30, 8, 18, 1, 8, 14, 30, 27, 27, 34, 33, 25, 18, 34, 8, 33, 22, 31, 9, 5, 2, 32, 31, 27, 24, 16, 3, 0, 15, 34, 31, 35, 26, 22, 2, 26, 13, 2, 24, 33, 1, 24, 3, 0, 35]


       ‖ S_tib   F_tib
========================
F_tib  ‖ m       <       
------------------------
S_tib  ‖         m       

Vertical_support: 0.722
Indices_supporting: [26, 26, 4, 6, 6, 12, 4, 21, 17, 16, 27, 26, 7, 24, 34, 16, 33, 13, 6, 18, 25, 2, 25, 12, 11, 21, 33, 23, 14, 27, 0, 29, 33, 18, 32, 5, 12, 32, 27, 23, 2, 8, 1, 6, 26, 22]


       ‖ F_tib   S_tib
========================
R_tib  ‖ m       <       
------------------------
F_tib  ‖         m       

Vertical_support: 0.722
Indices_supporting: [5, 27, 7, 29, 16, 23, 13, 32, 32, 6, 24, 1, 8, 11, 9, 18, 6, 14, 1, 31, 4, 23, 17, 7, 6, 12, 28, 4, 34, 7, 27, 33, 23, 26, 9, 25, 2, 14]


       ‖ R_tib   F_tib
========================
R_tib  ‖ <       <       
------------------------
R_tib  ‖         m       

Vertical_support: 0.722
Indices_supporting: [4, 16, 35, 1, 12, 9, 25, 8, 8, 14, 35, 5, 27, 24, 15, 23, 12, 25, 31, 23, 5, 35, 8, 2, 14, 1, 3, 32, 18, 33, 5, 18, 18, 2, 32, 1, 15, 24, 7, 33, 8, 7, 3, 32, 25, 24, 34, 27, 23, 35, 18, 34, 34, 14, 8, 1, 32, 14, 27, 6, 3, 15, 24, 24, 34, 33, 30, 5, 0, 9, 25, 25, 31, 5, 23, 35, 22, 31, 1, 15, 16, 24, 15, 9]


       ‖ S_tib   R_tib
========================
R_tib  ‖ m       <       
------------------------
S_tib  ‖         m       

Vertical_support: 0.722
Indices_supporting: [30, 1, 33, 23, 32, 22, 7, 34, 24, 15, 2, 9, 5, 18, 24, 31, 30, 15, 35, 7, 31, 15, 28, 4, 16, 24, 7, 25, 10, 0, 15, 11, 27, 12, 31, 0, 2, 25, 22, 3, 24]


       ‖ N_mob   R_tib
========================
N_mob  ‖ <       <       
------------------------
N_mob  ‖         <       

Vertical_support: 0.694
Indices_supporting: [30, 20, 30, 3, 26, 7, 2, 3, 2, 5, 12, 27, 7, 17, 16, 22, 3, 5, 31, 22, 28, 35, 15, 24, 7, 13, 8, 24, 7, 7, 25, 31, 29, 3, 12, 10, 22, 3, 8, 8, 12, 10, 4, 4, 1, 33, 28, 26, 16, 22, 22, 28, 17, 15]


       ‖ N_mob   S_tib
========================
N_mob  ‖ <       <       
------------------------
N_mob  ‖         <       

Vertical_support: 0.694
Indices_supporting: [12, 7, 30, 29, 20, 33, 26, 16, 27, 17, 10, 12, 16, 22, 26, 24, 4, 20, 1, 20, 10, 3, 26, 12, 31, 28, 3, 30, 28, 7, 16, 7, 17, 10, 7, 7, 6, 22, 2, 15, 24, 3, 21, 28, 21, 7, 17, 26, 20, 10, 7, 23, 13, 22, 26, 9, 6, 2, 29, 28, 21, 23]


       ‖ S_tib   F_tib
========================
N_mob  ‖ <       <       
------------------------
S_tib  ‖         m       

Vertical_support: 0.694
Indices_supporting: [26, 26, 4, 6, 18, 12, 21, 17, 33, 16, 8, 27, 10, 26, 7, 24, 34, 20, 27, 33, 16, 13, 22, 2, 18, 12, 11, 21, 20, 33, 14, 0, 23, 10, 27, 8, 13, 29, 33, 12, 27, 22, 23, 2, 1, 6, 26, 22, 33, 12]


       ‖ S_tib   R_tib
========================
N_mob  ‖ <       <       
------------------------
S_tib  ‖         m       

Vertical_support: 0.694
Indices_supporting: [30, 20, 23, 32, 28, 7, 34, 31, 24, 9, 2, 5, 12, 30, 23, 7, 24, 35, 31, 15, 28, 7, 11, 16, 7, 24, 7, 29, 16, 12, 10, 15, 3, 12, 4, 28, 0, 2, 8, 22, 3, 17, 15]


       ‖ F_tib   R_tib
========================
R_tib  ‖ m       <       
------------------------
F_tib  ‖         m       

Vertical_support: 0.694
Indices_supporting: [0, 9, 3, 18, 18, 18, 33, 34, 34, 5, 35, 14, 27, 23, 32, 18, 23, 2, 25, 25, 34, 15, 24, 34, 5, 18, 1, 14, 2, 18, 31, 27, 5, 14, 24, 16, 3, 15, 15, 24, 16, 8, 0, 0, 32, 9, 9, 8, 34, 33, 14, 35, 9, 26, 25, 25, 6, 34, 35, 15, 15, 3, 18, 15, 1, 30, 16, 35, 5, 1, 25, 35, 0, 35, 22, 1, 14, 31, 27, 1, 1, 35, 6, 15, 24, 33, 30, 2, 32, 23, 5, 22, 5, 8, 35, 32, 31, 25, 24, 8, 2, 8, 33, 32, 25, 12, 8, 24]


       ‖ N_mob   F_tib
========================
R_tib  ‖ <       <       
------------------------
N_mob  ‖         <       

Vertical_support: 0.694
Indices_supporting: [16, 26, 6, 3, 9, 12, 15, 15, 4, 8, 24, 17, 16, 33, 8, 7, 13, 3, 32, 22, 5, 1, 10, 3, 29, 35, 34, 22, 1, 12, 27, 25, 15, 12, 9, 31]


       ‖ R_tib   R_tib
========================
F_tib  ‖ m       <       
------------------------
R_tib  ‖         <       

Vertical_support: 0.667
Indices_supporting: [33, 9, 3, 24, 18, 18, 34, 33, 14, 27, 32, 16, 2, 25, 24, 34, 22, 5, 18, 30, 23, 14, 13, 2, 31, 27, 5, 5, 14, 16, 24, 3, 15, 16, 8, 24, 13, 9, 0, 8, 34, 31, 33, 14, 6, 22, 35, 34, 35, 1, 22, 2, 15, 24, 23, 1, 35, 5, 25, 35, 0, 31, 14, 27, 1, 1, 15, 15, 32, 9, 18, 32, 23, 5, 8, 35, 32, 15, 25, 27, 24, 8, 33, 32, 25, 2, 8, 24]


       ‖ F_tib   R_tib
========================
F_tib  ‖ <       <       
------------------------
F_tib  ‖         m       

Vertical_support: 0.667
Indices_supporting: [9, 3, 25, 18, 18, 34, 33, 14, 27, 32, 22, 33, 2, 25, 24, 4, 16, 34, 5, 24, 18, 18, 14, 13, 2, 31, 27, 5, 14, 16, 1, 3, 15, 18, 16, 8, 9, 8, 34, 33, 14, 6, 22, 2, 8, 34, 35, 33, 32, 15, 27, 1, 32, 6, 6, 35, 5, 25, 35, 0, 14, 31, 27, 23, 1, 1, 15, 32, 23, 8, 5, 33, 13, 8, 35, 32, 25, 24, 8, 33, 32, 25, 6, 27, 24]


       ‖ F_tib   N_mob
========================
S_tib  ‖ m       <       
------------------------
F_tib  ‖         <       

Vertical_support: 0.639
Indices_supporting: [21, 18, 8, 7, 20, 26, 7, 16, 12, 10, 12, 25, 12, 33, 20, 21, 2, 23, 4, 17, 2, 10, 20, 16, 22, 2, 11, 22, 20, 26, 33, 20, 16, 13, 26, 25, 10, 8, 33, 27, 10, 33, 16, 10, 32, 16, 12, 21, 21, 22, 28, 6, 1, 8]


       ‖ F_tib   R_tib
========================
S_tib  ‖ m       <       
------------------------
F_tib  ‖         m       

Vertical_support: 0.639
Indices_supporting: [34, 8, 14, 5, 13, 9, 32, 33, 25, 16, 25, 31, 27, 33, 32, 0, 1, 6, 32, 35, 6, 22, 8, 18, 33, 13, 24, 33, 0, 11, 23, 4, 14, 22, 32, 16, 6, 2, 2, 22, 24, 18, 27]


       ‖ S_tib   N_mob
========================
N_mob  ‖ <       <       
------------------------
S_tib  ‖         <       

Vertical_support: 0.639
Indices_supporting: [21, 33, 7, 20, 7, 16, 16, 29, 28, 23, 29, 28, 6, 14, 12, 12, 21, 7, 21, 29, 17, 10, 33, 20, 20, 16, 12, 28, 21, 22, 21, 2, 7, 4, 10, 17, 30, 15, 20, 26, 4, 22, 29, 13, 12, 28, 3, 21, 28, 16, 30, 12, 12, 2, 24, 17, 33, 3, 10, 7, 7, 16, 16, 12, 10, 21, 20, 5, 21, 33]


       ‖ R_tib   S_tib
========================
F_tib  ‖ m       <       
------------------------
R_tib  ‖         m       

Vertical_support: 0.639
Indices_supporting: [27, 33, 24, 13, 5, 8, 0, 1, 32, 32, 32, 31, 35, 2, 22, 24, 30, 34, 33, 24, 9, 16, 22, 25, 15, 24, 2, 0, 33, 34, 9, 14, 0, 13, 31, 22, 16, 18, 6, 15, 23]


       ‖ N_mob
================
F_tib  ‖ m       

Vertical_support: 0.639
Indices_supporting: [8, 10, 35, 29, 9, 32, 22, 28, 21, 17, 1, 26, 20, 26, 7, 16, 29, 8, 2, 26, 8, 12, 32, 32, 30, 28, 16, 13, 16, 3, 6, 15, 14]


       ‖ S_tib   R_tib
========================
F_tib  ‖ <       <       
------------------------
S_tib  ‖         m       

Vertical_support: 0.611
Indices_supporting: [30, 1, 33, 23, 32, 22, 7, 24, 2, 9, 12, 5, 18, 24, 23, 24, 35, 28, 27, 7, 11, 16, 24, 7, 0, 15, 11, 27, 31, 4, 2, 22, 15]


       ‖ N_mob   N_mob
========================
F_tib  ‖ m       <       
------------------------
N_mob  ‖         <       

Vertical_support: 0.611
Indices_supporting: [1, 32, 20, 16, 29, 28, 10, 29, 12, 22, 7, 20, 8, 17, 28, 28, 21, 26, 16, 15, 8, 17, 26, 26, 28, 26, 20, 16, 16, 29, 10, 28, 20, 13, 28, 2, 12, 10, 10, 9, 13, 28, 3, 6, 30, 14]


       ‖ F_tib   R_tib   F_tib
================================
R_tib  ‖ m       <       <       
--------------------------------
F_tib  ‖         m       <       
--------------------------------
R_tib  ‖                 m       

Vertical_support: 0.611
Indices_supporting: [2, 23, 16, 35, 1, 32, 5, 6, 9, 35, 8, 12, 24, 8, 34, 33, 14, 24, 8, 30, 33, 5, 14, 8, 3, 35, 25, 25, 32, 25, 24, 5, 5, 27, 1, 3, 27, 35, 18, 31, 18, 34, 34, 14, 1, 15, 8, 1, 23, 16, 32, 14, 18, 27, 25, 15, 9, 31]


       ‖ R_tib   N_mob
========================
R_tib  ‖ <       <       
------------------------
R_tib  ‖         <       

Vertical_support: 0.611
Indices_supporting: [1, 4, 10, 35, 28, 9, 15, 31, 34, 8, 7, 22, 1, 9, 16, 18, 10, 26, 1, 12, 33, 15, 3, 31, 28, 9, 5, 2, 30, 8, 24, 3, 24, 7, 3, 9, 3, 10, 8, 5, 31]


       ‖ S_tib   F_tib
========================
R_tib  ‖ <       <       
------------------------
S_tib  ‖         m       

Vertical_support: 0.611
Indices_supporting: [26, 4, 6, 6, 12, 4, 17, 16, 27, 7, 34, 33, 13, 22, 2, 25, 11, 14, 27, 10, 29, 32, 32, 27, 17, 23, 8, 1, 6, 22]


       ‖ S_tib   F_tib
========================
R_tib  ‖ m       <       
------------------------
S_tib  ‖         <       

Vertical_support: 0.611
Indices_supporting: [4, 3, 25, 15, 1, 24, 15, 2, 7, 27, 0, 9, 31, 5, 24, 10, 34, 23, 35, 32, 32, 22, 33, 5, 22, 24, 12, 18, 15]


       ‖ S_tib   N_mob
========================
R_tib  ‖ m       <       
------------------------
S_tib  ‖         <       

Vertical_support: 0.611
Indices_supporting: [7, 4, 10, 16, 10, 35, 28, 22, 22, 28, 24, 27, 7, 22, 10, 33, 12, 22, 9, 2, 22, 10, 30, 15, 1, 12, 33, 22, 13, 3, 12, 28, 8, 30, 2, 24, 33, 8, 30, 16, 3, 7, 3, 9, 32, 7, 10, 5, 31]


       ‖ F_tib   R_tib
========================
S_tib  ‖ <       <       
------------------------
F_tib  ‖         m       

Vertical_support: 0.583
Indices_supporting: [0, 24, 8, 1, 33, 33, 25, 3, 34, 27, 5, 24, 16, 16, 18, 23, 1, 13, 8, 31, 35, 9, 25, 22, 1, 15, 2, 9, 16, 6, 6, 18, 24]


       ‖ N_mob   N_mob
========================
S_tib  ‖ <       <       
------------------------
N_mob  ‖         <       

Vertical_support: 0.583
Indices_supporting: [21, 26, 29, 22, 21, 28, 30, 2, 17, 20, 10, 21, 13, 29, 28, 28, 21, 33, 3, 33, 16, 16, 29, 21, 12, 8, 7, 16, 10, 22, 22, 28, 23, 22, 28, 10, 29, 12, 7, 29, 4, 20, 16, 29, 26, 12, 21, 30, 12, 13, 10, 22, 10, 7, 31, 28, 21, 4, 16, 9, 21, 17, 20, 33, 12, 26, 28, 28, 10, 28, 7, 21, 20, 29, 28, 12, 21, 20, 4, 17, 29, 10, 10, 7, 3, 17, 16, 16, 29, 12, 21, 7]


       ‖ F_tib   S_tib
========================
N_mob  ‖ <       <       
------------------------
F_tib  ‖         m       

Vertical_support: 0.583
Indices_supporting: [12, 27, 7, 27, 16, 23, 17, 13, 12, 16, 11, 22, 12, 26, 24, 1, 8, 9, 26, 14, 23, 17, 7, 6, 21, 2, 28, 4, 7, 17, 26, 12, 20, 7, 23, 6, 26, 9, 2, 21]


       ‖ R_tib   S_tib
========================
N_mob  ‖ <       <       
------------------------
R_tib  ‖         m       

Vertical_support: 0.583
Indices_supporting: [20, 33, 13, 10, 3, 12, 32, 31, 30, 28, 33, 7, 7, 16, 22, 7, 25, 24, 22, 15, 2, 15, 27, 7, 9, 10, 13, 22, 6, 28, 23]


       ‖ R_tib   N_mob
========================
N_mob  ‖ <       <       
------------------------
R_tib  ‖         <       

Vertical_support: 0.583
Indices_supporting: [27, 24, 8, 1, 7, 16, 28, 9, 28, 22, 28, 34, 8, 22, 10, 1, 23, 16, 31, 10, 26, 12, 16, 22, 3, 31, 28, 30, 2, 33, 24, 1, 3, 3, 3, 10, 8, 31, 3, 5, 35, 30]


       ‖ R_tib   S_tib
========================
F_tib  ‖ m       <       
------------------------
R_tib  ‖         <       

Vertical_support: 0.583
Indices_supporting: [5, 30, 16, 26, 32, 2, 0, 8, 9, 18, 14, 24, 23, 6, 3, 12, 27, 9, 34, 33, 14, 25, 15]


       ‖ R_tib   F_tib   R_tib
================================
F_tib  ‖ m       <       <       
--------------------------------
R_tib  ‖         m       <       
--------------------------------
F_tib  ‖                 m       

Vertical_support: 0.583
Indices_supporting: [35, 9, 14, 3, 2, 31, 18, 27, 18, 33, 5, 15, 34, 14, 1, 14, 27, 16, 24, 32, 23, 32, 3, 15, 35, 5, 16, 5, 8, 8, 35, 32, 25, 35, 0, 9, 2, 25, 25, 8, 8, 14, 31, 27, 34, 33, 14, 24, 1, 1, 24, 33, 32, 25, 34, 6, 34, 5, 18, 8, 15]


       ‖ N_mob   R_tib
========================
F_tib  ‖ <       <       
------------------------
N_mob  ‖         <       

Vertical_support: 0.583
Indices_supporting: [30, 2, 27, 3, 22, 28, 35, 5, 18, 7, 13, 8, 24, 7, 25, 9, 8, 23, 4, 4, 1, 1, 33, 16, 9, 22, 28, 15]


       ‖ F_tib   S_tib
========================
R_tib  ‖ m       <       
------------------------
F_tib  ‖         <       

Vertical_support: 0.583
Indices_supporting: [27, 26, 5, 2, 8, 4, 0, 8, 31, 2, 24, 24, 17, 23, 9, 22, 7, 25, 15, 2, 0, 9, 33, 14, 34, 7, 22, 16, 6, 15, 23]


       ‖ N_mob   S_tib
========================
R_tib  ‖ <       <       
------------------------
N_mob  ‖         <       

Vertical_support: 0.583
Indices_supporting: [7, 30, 29, 16, 26, 12, 24, 4, 1, 31, 31, 7, 17, 10, 7, 22, 3, 28, 0, 7, 7, 23, 22, 2, 9, 6, 33]


       ‖ N_mob
================
S_tib  ‖ m       

Vertical_support: 0.556
Indices_supporting: [28, 24, 10, 16, 15, 19, 0, 33, 33, 3, 20, 10, 28, 33, 26, 12, 7, 4, 16, 10, 6, 25, 28, 20, 13, 13, 32, 11, 25, 34]


       ‖ R_tib   N_mob
========================
S_tib  ‖ m       <       
------------------------
R_tib  ‖         <       

Vertical_support: 0.556
Indices_supporting: [4, 10, 7, 0, 29, 28, 9, 35, 31, 28, 25, 22, 28, 7, 22, 10, 28, 29, 9, 12, 29, 31, 10, 4, 1, 12, 1, 33, 12, 13, 28, 28, 30, 24, 30, 13, 3, 7, 7, 29, 3, 16, 29, 13, 10, 5, 12, 24, 31, 7]


       ‖ F_tib   R_tib
========================
R_tib  ‖ m       <       
------------------------
F_tib  ‖         <       

Vertical_support: 0.556
Indices_supporting: [23, 24, 31, 9, 2, 5, 14, 23, 1, 14, 7, 3, 6, 15, 7, 13, 7, 9, 0, 15, 15, 24, 8, 34, 14, 24, 1, 28, 25, 22, 2, 5, 18]


       ‖ F_tib   S_tib   F_tib
================================
R_tib  ‖ m       <       <       
--------------------------------
F_tib  ‖         m       <       
--------------------------------
S_tib  ‖                 m       

Vertical_support: 0.556
Indices_supporting: [26, 4, 6, 6, 12, 4, 17, 16, 7, 34, 33, 13, 2, 25, 11, 14, 29, 32, 32, 27, 23, 8, 1, 6]


       ‖ R_tib   S_tib
========================
R_tib  ‖ <       <       
------------------------
R_tib  ‖         m       

Vertical_support: 0.556
Indices_supporting: [25, 13, 5, 8, 0, 31, 2, 22, 24, 28, 24, 7, 9, 22, 7, 25, 15, 22, 2, 31, 27, 0, 7, 9, 34, 14, 10, 22, 16, 6, 15, 31, 15, 23]


       ‖ S_tib   R_tib   F_tib
================================
R_tib  ‖ m       <       <       
--------------------------------
S_tib  ‖         m       <       
--------------------------------
R_tib  ‖                 m       

Vertical_support: 0.556
Indices_supporting: [4, 3, 25, 15, 1, 15, 24, 2, 7, 0, 9, 31, 24, 34, 23, 35, 32, 22, 33, 5, 24, 12, 18, 15]


       ‖ R_tib
================
N_mob  ‖ m       

Vertical_support: 0.528
Indices_supporting: [1, 30, 26, 25, 25, 2, 27, 15, 24, 33, 7, 29, 17, 23, 28, 27, 0, 0, 13, 29, 26, 22, 25, 0, 32, 28, 25, 8, 24]


       ‖ F_tib   N_mob
========================
N_mob  ‖ <       <       
------------------------
F_tib  ‖         m       

Vertical_support: 0.528
Indices_supporting: [8, 10, 29, 9, 28, 17, 26, 1, 20, 26, 16, 7, 29, 8, 2, 26, 8, 12, 32, 30, 16, 13, 16, 3, 15, 14]


       ‖ F_tib   F_tib
========================
N_mob  ‖ <       <       
------------------------
F_tib  ‖         <       

Vertical_support: 0.528
Indices_supporting: [26, 16, 26, 4, 8, 21, 17, 16, 8, 24, 30, 10, 7, 16, 13, 3, 22, 33, 27, 13, 16, 27, 34, 23, 2, 8, 1, 1, 26, 22]


       ‖ F_tib
================
N_mob  ‖ m       

Vertical_support: 0.528
Indices_supporting: [26, 4, 21, 2, 10, 17, 34, 29, 16, 16, 31, 20, 24, 33, 35, 22, 22, 32, 27, 8, 1, 22, 2]


       ‖ S_tib   N_mob
========================
F_tib  ‖ m       <       
------------------------
S_tib  ‖         <       

Vertical_support: 0.528
Indices_supporting: [21, 7, 33, 26, 7, 16, 29, 28, 23, 33, 29, 6, 14, 12, 12, 21, 7, 4, 21, 2, 17, 23, 26, 16, 22, 28, 21, 12, 21, 2, 7, 8, 17, 8, 20, 26, 26, 4, 29, 28, 16, 32, 21, 28, 21, 12, 12, 4, 27, 17, 7, 7, 16, 16, 12, 21, 22, 12, 21, 6, 7]


       ‖ S_tib   R_tib
========================
F_tib  ‖ m       <       
------------------------
S_tib  ‖         <       

Vertical_support: 0.528
Indices_supporting: [33, 7, 32, 25, 12, 27, 32, 1, 6, 6, 22, 28, 8, 7, 33, 11, 13, 33, 7, 11, 23, 4, 4, 16, 6, 6, 2, 24, 18, 27]


       ‖ R_tib   R_tib
========================
R_tib  ‖ <       <       
------------------------
R_tib  ‖         <       

Vertical_support: 0.528
Indices_supporting: [23, 33, 22, 24, 3, 9, 2, 34, 5, 5, 14, 31, 7, 14, 1, 3, 15, 15, 18, 1, 9, 35, 0, 15, 24, 8, 34, 24, 14, 1, 25, 22, 2, 5, 18]


       ‖ N_mob
================
R_tib  ‖ m       

Vertical_support: 0.528
Indices_supporting: [7, 3, 1, 22, 27, 34, 23, 26, 2, 15, 8, 23, 30, 29, 20, 28, 29, 27, 27, 16, 33, 12, 35, 3, 30, 8]


       ‖ R_tib   F_tib
========================
S_tib  ‖ <       <       
------------------------
R_tib  ‖         m       

Vertical_support: 0.5
Indices_supporting: [8, 33, 35, 1, 7, 27, 14, 25, 3, 6, 32, 5, 33, 24, 18, 8, 27, 16, 14, 18, 16, 25, 15, 22, 2]


       ‖ F_tib   F_tib
========================
S_tib  ‖ m       <       
------------------------
F_tib  ‖         <       

Vertical_support: 0.5
Indices_supporting: [8, 26, 33, 35, 21, 27, 10, 16, 25, 14, 6, 6, 32, 25, 33, 24, 12, 18, 21, 8, 27, 33, 27, 13, 33, 18, 12, 16, 14, 18, 2, 26, 16, 25, 22, 22, 2]


       ‖ F_tib   S_tib
========================
S_tib  ‖ m       <       
------------------------
F_tib  ‖         m       

Vertical_support: 0.5
Indices_supporting: [12, 27, 17, 25, 12, 16, 11, 22, 12, 26, 8, 13, 26, 28, 12, 33, 21, 2, 21, 26, 17, 12, 20, 7, 6, 18, 21, 33]


       ‖ F_tib   S_tib
========================
F_tib  ‖ <       <       
------------------------
F_tib  ‖         m       

Vertical_support: 0.5
Indices_supporting: [12, 5, 27, 16, 17, 32, 25, 16, 11, 12, 26, 8, 9, 26, 18, 14, 23, 6, 12, 26, 33, 17, 12, 7, 6, 25, 21]


       ‖ F_tib   N_mob
========================
F_tib  ‖ <       <       
------------------------
F_tib  ‖         <       

Vertical_support: 0.5
Indices_supporting: [21, 18, 7, 7, 16, 12, 8, 34, 23, 1, 25, 9, 2, 26, 16, 6, 13, 2, 18, 27, 16, 10, 16, 12, 3, 6, 27, 8]


       ‖ N_mob   S_tib
========================
F_tib  ‖ <       <       
------------------------
N_mob  ‖         <       

Vertical_support: 0.5
Indices_supporting: [12, 30, 20, 26, 16, 17, 16, 26, 4, 20, 10, 12, 34, 16, 7, 6, 24, 3, 12, 26, 17, 9, 7, 13, 28, 15, 21]


       ‖ R_tib   F_tib
========================
F_tib  ‖ <       <       
------------------------
R_tib  ‖         m       

Vertical_support: 0.5
Indices_supporting: [23, 28, 1, 8, 2, 24, 7, 27, 14, 0, 7, 9, 6, 5, 18, 27, 27, 1, 23, 3, 23, 32, 34, 5, 14, 1, 16, 14, 9]


       ‖ S_tib   S_tib
========================
R_tib  ‖ m       <       
------------------------
S_tib  ‖         <       

Vertical_support: 0.5
Indices_supporting: [30, 23, 25, 32, 13, 12, 22, 11, 13, 22, 28, 7, 4, 10, 22, 27, 7, 7, 10, 2, 9, 31, 15, 33]


       ‖ F_tib   R_tib
========================
R_tib  ‖ <       <       
------------------------
F_tib  ‖         m       

Vertical_support: 0.5
Indices_supporting: [8, 33, 13, 16, 3, 34, 14, 5, 1, 14, 33, 32, 3, 6, 15, 18, 1, 13, 24, 35, 9, 24, 8, 34, 14, 24, 1, 25, 22, 5, 18]
