98 TIRPs, 161s

       ‖ N_mob
================
N_mob  ‖ <       

Vertical_support: 1.0
Indices_supporting: [4, 18, 20, 17, 1, 21, 30, 29, 26, 33, 35, 35, 16, 13, 10, 9, 6, 9, 12, 19, 18, 21, 17, 26, 28, 26, 5, 1, 0, 17, 35, 10, 26, 23, 20, 26, 34, 28, 28, 6, 3, 2, 22, 1, 15, 10, 7, 23, 33, 30, 28, 20, 15, 12, 28, 28, 32, 21, 21, 1, 15, 30, 30, 8, 5, 4, 7, 7, 0, 14, 20, 21, 29, 7, 25, 21, 3, 35, 15, 10, 9, 12, 25, 5, 19, 21, 34, 30, 8, 1, 17, 14, 16, 10, 9, 9, 10, 26, 2, 19, 27, 34, 31, 31, 5, 10, 7, 23, 24, 20, 1, 1, 16, 31, 28, 16, 28, 11, 27, 7, 21, 24, 20, 24, 15, 29, 8, 7, 4, 6, 7, 20, 12, 29, 25, 22, 34, 33, 15, 12, 12, 30, 8, 2, 4, 4, 17, 16, 30, 13, 26, 0, 0, 26, 6, 18, 31, 28, 27, 23, 1, 14, 10, 33, 13, 28, 28, 24, 3, 2, 2, 15, 4, 21, 17, 16, 30, 12, 29, 26, 28, 7, 3, 20, 16, 16, 32, 12, 26, 6, 8, 21, 18, 17, 8, 7, 4, 17, 16, 29, 22, 34, 22, 22, 14, 19, 28, 10, 3, 2, 22, 22, 29, 31, 27, 22, 2, 33, 24, 4, 21, 3, 20, 16, 20, 33, 12, 29, 29, 21, 3, 3, 16, 12, 11, 5, 21, 22, 24, 16, 33, 29, 26, 8, 3, 17, 16, 35, 29, 9, 26, 21, 34, 8, 8, 17, 13, 10, 7, 23, 26, 22, 26, 27, 27, 32, 31, 35, 10, 6, 22, 22, 16, 28, 25, 7, 24, 24, 33, 7, 24, 3, 2, 20, 32, 12, 26, 29, 29, 3, 33, 15, 12, 9, 8, 7]


       ‖ F_wa
===============
N_mob  ‖ <      

Vertical_support: 0.972
Indices_supporting: [16, 1, 0, 32, 12, 5, 31, 30, 31, 8, 2, 17, 34, 5, 12, 27, 24, 4, 21, 23, 16, 33, 10, 6, 3, 3, 13, 32, 12, 8, 17, 16, 16, 17, 3, 8, 22, 26, 8, 1, 1, 23, 18, 32, 28, 2, 2, 27, 7, 22, 16, 33, 35, 3, 9, 2, 1, 30, 3, 17, 16, 32, 29, 21, 2, 5, 24, 34, 11, 27, 9, 26, 22, 35, 13, 22, 26, 27, 7, 23, 27, 16, 31, 25, 33, 8, 24, 24, 23, 27, 6, 3, 0, 17, 12, 25, 24, 35, 15, 26, 14, 12, 9, 26, 27, 0, 32, 31, 9, 8, 2, 18, 17, 14, 31, 10, 5, 1, 1, 1, 14, 7, 5, 20, 28, 25, 15, 14, 27, 7, 1, 33, 28, 6, 15, 12, 8, 31, 30, 33, 1, 0, 12, 25, 22, 18, 35, 15, 30, 22, 1, 24, 7, 6, 6, 15, 8, 6, 0, 9, 2, 30]


       ‖ R_wa
===============
N_mob  ‖ <      

Vertical_support: 0.972
Indices_supporting: [3, 17, 25, 22, 18, 34, 14, 14, 27, 22, 2, 35, 2, 2, 14, 11, 31, 24, 1, 1, 7, 4, 16, 29, 2, 12, 27, 24, 3, 30, 12, 24, 0, 9, 6, 5, 17, 14, 14, 31, 34, 35, 22, 35, 14, 25, 14, 3, 2, 22, 15, 12, 21, 18, 27, 24, 16, 16, 13, 9, 9, 26, 3, 0, 35, 21, 18, 34, 1, 10, 9, 8, 22, 2, 22, 8, 1, 33, 7, 23, 24, 22, 32, 32, 2, 24, 1, 32, 8, 7, 0, 15, 32, 5, 1, 25, 12, 6, 5, 2, 18, 1, 27, 26, 23, 1, 6, 23, 31, 28, 1, 12, 8, 27, 7, 16, 22, 15, 12, 9, 7, 4, 21, 20, 17, 1, 34, 8, 20, 0, 26, 5, 5, 0, 31, 34, 23, 23, 1, 33, 35, 14, 27, 2, 1, 27, 7, 27, 20, 17, 16, 35, 35, 15, 8, 24]


       ‖ S_wa
===============
N_mob  ‖ <      

Vertical_support: 0.972
Indices_supporting: [0, 17, 30, 33, 34, 26, 22, 12, 5, 9, 22, 28, 7, 22, 16, 3, 33, 8, 9, 26, 26, 16, 12, 24, 23, 7, 6, 5, 16, 22, 14, 31, 27, 7, 29, 33, 25, 24, 8, 5, 22, 17, 32, 31, 6, 5, 2, 30, 4, 15, 12, 27, 7, 4, 20, 33, 29, 9, 30, 12, 30, 8, 20, 17, 10, 26, 19, 35, 35, 10, 34, 31, 11, 28, 6, 3, 4, 23, 30, 6, 27, 24, 15, 30, 5, 7, 14, 13, 22, 31, 9, 5, 14, 11, 28, 2, 15, 31, 31, 30, 23, 1, 7, 16, 13, 28, 21]


      ‖ N_mob
===============
F_wa  ‖ <       

Vertical_support: 0.972
Indices_supporting: [4, 18, 21, 17, 1, 30, 33, 29, 9, 35, 0, 16, 35, 12, 9, 6, 9, 26, 18, 17, 26, 5, 1, 0, 17, 35, 10, 26, 23, 28, 6, 22, 2, 1, 15, 10, 7, 23, 1, 33, 28, 20, 32, 12, 28, 28, 1, 30, 8, 7, 7, 21, 20, 0, 14, 33, 32, 29, 34, 21, 35, 15, 12, 9, 21, 30, 8, 1, 14, 16, 26, 2, 34, 31, 31, 27, 7, 23, 23, 24, 1, 1, 16, 31, 28, 16, 28, 27, 7, 24, 15, 8, 7, 4, 1, 6, 7, 12, 25, 34, 15, 12, 12, 30, 8, 2, 4, 17, 30, 26, 0, 0, 26, 6, 18, 31, 28, 27, 23, 1, 14, 33, 28, 28, 3, 2, 2, 15, 4, 21, 16, 30, 12, 29, 28, 7, 3, 20, 16, 16, 32, 12, 8, 21, 18, 8, 4, 17, 16, 22, 34, 25, 22, 22, 14, 10, 22, 22, 35, 31, 27, 2, 24, 16, 33, 12, 3, 3, 16, 12, 11, 22, 16, 33, 26, 8, 3, 17, 16, 35, 29, 9, 26, 21, 31, 8, 8, 17, 13, 10, 26, 23, 26, 22, 27, 27, 32, 35, 31, 6, 22, 22, 16, 28, 25, 24, 24, 33, 7, 24, 3, 2, 20, 32, 12, 29, 3, 15, 12, 9, 8, 7]


      ‖ F_wa
==============
S_wa  ‖ <      

Vertical_support: 0.972
Indices_supporting: [1, 12, 5, 31, 30, 2, 14, 31, 12, 14, 27, 24, 21, 16, 10, 6, 2, 13, 24, 4, 32, 8, 22, 30, 23, 1, 25, 28, 28, 2, 15, 27, 22, 16, 35, 6, 0, 31, 25, 2, 1, 16, 30, 0, 16, 32, 29, 21, 18, 5, 24, 34, 14, 11, 27, 9, 26, 35, 35, 13, 9, 22, 18, 26, 35, 27, 7, 23, 6, 15, 31, 25, 25, 15, 11, 23, 33, 6, 3, 17, 24, 15, 8, 27, 9, 26, 5, 2, 34, 14, 1, 35, 7, 20, 28, 28, 0, 12, 31, 30, 25, 15, 30, 22, 14, 24, 13, 7, 6, 6, 16, 15, 4, 30, 27]


      ‖ S_wa
==============
F_wa  ‖ <      

Vertical_support: 0.944
Indices_supporting: [23, 0, 17, 30, 33, 34, 26, 22, 12, 5, 35, 5, 28, 23, 7, 16, 3, 24, 9, 16, 12, 6, 16, 22, 14, 31, 27, 27, 7, 2, 25, 24, 22, 17, 32, 6, 25, 5, 2, 12, 27, 7, 4, 20, 33, 29, 25, 25, 30, 12, 30, 8, 17, 35, 35, 35, 34, 31, 18, 4, 6, 2, 27, 24, 15, 30, 7, 14, 13, 23, 22, 5, 15, 14, 11, 28, 2, 15, 15, 31, 30, 31, 23, 1, 33, 7, 16, 13, 16, 33, 28, 6, 21, 0]


      ‖ R_wa
==============
F_wa  ‖ <      

Vertical_support: 0.944
Indices_supporting: [3, 0, 13, 8, 25, 18, 34, 14, 1, 13, 27, 23, 22, 35, 14, 11, 31, 1, 1, 14, 32, 7, 4, 16, 27, 2, 12, 27, 24, 3, 30, 12, 0, 5, 17, 14, 31, 34, 0, 13, 25, 22, 32, 22, 4, 18, 21, 33, 27, 24, 16, 16, 32, 26, 3, 0, 35, 27, 0, 14, 31, 1, 10, 9, 25, 22, 2, 22, 8, 5, 1, 23, 32, 32, 6, 2, 18, 34, 1, 32, 8, 7, 27, 12, 6, 2, 18, 27, 26, 23, 6, 23, 16, 31, 28, 1, 15, 12, 7, 16, 7, 22, 12, 9, 4, 17, 1, 34, 8, 24, 20, 0, 9, 6, 26, 14, 23, 1, 0, 35, 14, 27, 2, 27, 16, 35, 15, 35, 8]


      ‖ R_wa
==============
S_wa  ‖ <      

Vertical_support: 0.944
Indices_supporting: [17, 13, 25, 30, 2, 35, 2, 18, 15, 11, 27, 7, 29, 25, 2, 24, 3, 30, 9, 6, 5, 17, 13, 22, 25, 27, 5, 14, 2, 15, 12, 12, 4, 16, 16, 32, 9, 9, 15, 21, 0, 31, 34, 10, 22, 22, 34, 14, 5, 2, 24, 22, 18, 24, 8, 7, 0, 33, 5, 12, 6, 5, 1, 27, 26, 23, 1, 23, 16, 31, 28, 12, 8, 27, 7, 24, 16, 32, 7, 22, 9, 7, 4, 17, 8, 9, 6, 26, 32, 14, 31, 23, 35, 27, 7, 17, 16, 15, 25, 15]


      ‖ N_mob
===============
S_wa  ‖ <       

Vertical_support: 0.944
Indices_supporting: [4, 21, 20, 17, 1, 30, 26, 0, 16, 13, 10, 9, 12, 26, 21, 18, 28, 17, 10, 26, 23, 20, 34, 28, 28, 6, 22, 10, 7, 23, 30, 28, 28, 28, 21, 21, 30, 30, 8, 5, 4, 7, 0, 33, 29, 7, 25, 15, 12, 30, 14, 16, 10, 9, 26, 27, 31, 5, 27, 7, 23, 1, 28, 16, 28, 11, 27, 7, 21, 20, 29, 7, 4, 12, 25, 31, 30, 12, 8, 4, 4, 2, 17, 16, 30, 13, 12, 26, 26, 6, 28, 27, 10, 13, 28, 28, 24, 3, 2, 4, 30, 29, 28, 7, 20, 16, 26, 6, 17, 7, 4, 17, 16, 22, 25, 22, 28, 10, 22, 2, 29, 31, 21, 22, 2, 2, 33, 4, 21, 20, 16, 33, 12, 29, 21, 3, 11, 24, 21, 16, 33, 29, 26, 35, 17, 16, 21, 34, 31, 17, 13, 10, 26, 27, 22, 10, 6, 22, 16, 28, 7, 7, 24, 3, 20, 29, 26, 15, 12, 8, 7]


      ‖ F_wa
==============
R_wa  ‖ <      

Vertical_support: 0.944
Indices_supporting: [16, 32, 1, 5, 31, 8, 2, 34, 14, 31, 5, 14, 27, 3, 3, 18, 32, 12, 24, 8, 17, 16, 16, 23, 3, 0, 34, 30, 23, 1, 0, 23, 35, 32, 2, 2, 1, 7, 22, 33, 6, 0, 15, 25, 1, 17, 0, 0, 13, 15, 29, 21, 2, 5, 24, 11, 27, 23, 35, 13, 35, 18, 11, 15, 14, 27, 27, 6, 16, 35, 32, 11, 27, 24, 24, 6, 3, 12, 25, 24, 35, 26, 35, 0, 14, 12, 9, 27, 0, 31, 8, 18, 17, 14, 31, 34, 5, 1, 1, 1, 14, 13, 35, 5, 20, 32, 14, 28, 14, 27, 7, 27, 1, 33, 6, 25, 8, 31, 30, 1, 0, 12, 25, 25, 22, 18, 22, 1, 24, 7, 6, 6, 4, 32, 2, 30, 27]


      ‖ S_wa
==============
R_wa  ‖ <      

Vertical_support: 0.944
Indices_supporting: [23, 34, 33, 22, 35, 12, 5, 11, 9, 35, 32, 5, 22, 28, 23, 7, 22, 16, 3, 8, 24, 9, 26, 16, 12, 24, 18, 23, 6, 22, 14, 31, 27, 27, 33, 25, 8, 22, 32, 31, 6, 25, 5, 2, 30, 15, 12, 27, 7, 4, 29, 9, 9, 25, 25, 12, 20, 17, 35, 35, 34, 31, 11, 28, 6, 15, 32, 3, 23, 30, 6, 2, 27, 24, 5, 7, 13, 13, 23, 22, 4, 15, 14, 11, 28, 5, 2, 15, 15, 31, 30, 31, 1, 7, 16, 21, 0]


      ‖ N_mob
===============
R_wa  ‖ <       

Vertical_support: 0.944
Indices_supporting: [4, 18, 20, 17, 1, 21, 30, 29, 9, 26, 35, 0, 16, 12, 9, 6, 21, 18, 17, 28, 5, 1, 0, 17, 35, 26, 23, 20, 32, 34, 28, 6, 6, 3, 2, 22, 1, 23, 30, 28, 15, 12, 28, 32, 21, 21, 1, 15, 30, 8, 5, 4, 7, 7, 0, 14, 20, 21, 29, 32, 7, 25, 21, 3, 35, 12, 25, 25, 21, 34, 8, 1, 17, 14, 16, 10, 9, 9, 27, 2, 34, 31, 31, 5, 27, 10, 7, 23, 23, 1, 1, 16, 31, 16, 11, 27, 7, 24, 24, 20, 15, 8, 7, 4, 1, 6, 20, 29, 25, 34, 33, 15, 12, 12, 2, 4, 12, 0, 0, 26, 28, 27, 1, 14, 33, 28, 28, 24, 2, 2, 15, 21, 16, 30, 29, 28, 3, 20, 16, 32, 12, 26, 6, 8, 21, 8, 7, 17, 16, 29, 22, 34, 22, 22, 14, 28, 22, 2, 22, 35, 27, 22, 2, 24, 21, 3, 20, 16, 20, 29, 29, 3, 3, 16, 12, 11, 24, 21, 16, 29, 8, 3, 17, 16, 29, 9, 26, 21, 34, 8, 8, 17, 27, 27, 26, 23, 22, 35, 32, 31, 10, 6, 22, 22, 25, 24, 24, 7, 24, 3, 2, 20, 32, 12, 26, 29, 33, 15, 12]


      ‖ R_wa
==============
F_wa  ‖ m      

Vertical_support: 0.917
Indices_supporting: [3, 0, 17, 13, 8, 22, 25, 18, 14, 1, 14, 13, 23, 2, 35, 35, 2, 18, 15, 14, 11, 27, 1, 1, 14, 7, 16, 29, 25, 25, 27, 2, 12, 24, 3, 30, 12, 35, 0, 6, 5, 17, 14, 31, 34, 35, 0, 13, 22, 22, 0, 14, 25, 5, 14, 32, 3, 2, 15, 12, 12, 4, 18, 27, 16, 32, 9, 9, 15, 3, 0, 21, 18, 0, 31, 34, 23, 1, 8, 22, 2, 18, 25, 34, 14, 31, 8, 2, 1, 33, 24, 32, 32, 32, 6, 2, 18, 24, 34, 32, 8, 0, 32, 33, 27, 1, 23, 25, 6, 5, 18, 1, 27, 26, 23, 23, 27, 1, 6, 16, 1, 15, 12, 8, 27, 7, 24, 34, 16, 32, 15, 12, 9, 7, 21, 20, 17, 1, 34, 8, 0, 9, 26, 35, 0, 32, 14, 2, 0, 14, 31, 34, 9, 23, 1, 0, 33, 35, 35, 27, 2, 1, 27, 7, 17, 16, 35, 15, 25, 25, 24, 18, 35, 15, 8, 24]


      ‖ R_wa
==============
R_wa  ‖ <      

Vertical_support: 0.917
Indices_supporting: [3, 0, 13, 8, 25, 18, 34, 14, 34, 30, 1, 14, 13, 27, 23, 22, 2, 35, 35, 2, 2, 18, 14, 11, 27, 24, 1, 1, 14, 32, 7, 16, 29, 25, 25, 27, 2, 12, 27, 24, 3, 12, 24, 35, 0, 9, 6, 5, 17, 14, 14, 31, 34, 5, 35, 0, 25, 22, 22, 35, 14, 25, 27, 5, 14, 32, 3, 2, 22, 15, 12, 4, 18, 21, 33, 27, 24, 16, 16, 9, 3, 0, 35, 27, 21, 18, 34, 14, 23, 1, 9, 6, 8, 2, 18, 22, 22, 14, 25, 31, 34, 8, 5, 2, 1, 24, 23, 22, 32, 32, 32, 6, 2, 11, 24, 34, 1, 32, 7, 15, 32, 27, 5, 1, 23, 25, 12, 5, 2, 18, 1, 11, 27, 27, 23, 23, 1, 6, 23, 31, 1, 15, 12, 8, 27, 24, 16, 7, 22, 15, 12, 9, 7, 4, 18, 20, 17, 1, 21, 34, 34, 8, 24, 20, 0, 26, 5, 35, 0, 32, 14, 2, 0, 14, 31, 34, 9, 23, 1, 0, 33, 35, 25, 14, 27, 2, 1, 27, 7, 27, 16, 35, 25, 24, 35, 8, 24]


       ‖ N_mob   N_mob
========================
N_mob  ‖ <       <       
------------------------
N_mob  ‖         <       

Vertical_support: 0.889
Indices_supporting: [21, 20, 17, 1, 33, 29, 26, 16, 10, 26, 12, 21, 19, 17, 28, 26, 5, 35, 17, 10, 26, 20, 28, 28, 6, 3, 22, 10, 7, 23, 28, 20, 15, 12, 28, 28, 21, 21, 1, 30, 30, 5, 4, 21, 20, 29, 7, 21, 3, 12, 21, 30, 17, 16, 10, 26, 10, 19, 34, 31, 10, 7, 1, 1, 28, 16, 28, 7, 24, 20, 29, 7, 4, 7, 20, 29, 12, 34, 30, 12, 15, 8, 4, 4, 16, 30, 13, 26, 0, 26, 31, 28, 27, 10, 13, 28, 28, 3, 2, 15, 21, 30, 12, 29, 28, 20, 3, 16, 16, 12, 26, 21, 17, 8, 7, 4, 17, 16, 29, 22, 22, 22, 19, 10, 22, 2, 22, 29, 22, 33, 24, 21, 20, 20, 33, 3, 29, 29, 21, 3, 3, 16, 24, 21, 16, 29, 26, 35, 17, 16, 3, 29, 26, 9, 21, 8, 17, 10, 26, 26, 23, 22, 27, 10, 22, 28, 25, 7, 33, 7, 24, 20, 3, 29, 26, 12, 3, 33, 12, 7]


      ‖ F_wa
==============
F_wa  ‖ <      

Vertical_support: 0.889
Indices_supporting: [16, 32, 1, 32, 12, 31, 30, 8, 8, 2, 23, 17, 14, 34, 25, 31, 5, 12, 14, 16, 33, 6, 3, 3, 18, 32, 12, 24, 34, 15, 8, 4, 17, 16, 16, 23, 3, 0, 32, 34, 8, 22, 30, 26, 8, 23, 1, 0, 35, 18, 32, 28, 2, 2, 1, 15, 27, 7, 22, 16, 35, 6, 6, 0, 15, 31, 9, 25, 2, 1, 16, 30, 3, 0, 0, 13, 15, 16, 17, 32, 21, 18, 2, 9, 5, 9, 23, 26, 22, 35, 35, 13, 9, 22, 35, 31, 11, 26, 35, 15, 14, 27, 7, 27, 2, 16, 35, 15, 32, 1, 15, 14, 33, 27, 24, 24, 23, 33, 6, 3, 0, 17, 12, 25, 24, 25, 35, 34, 34, 15, 8, 35, 0, 14, 13, 12, 26, 0, 32, 31, 9, 18, 31, 5, 1, 1, 1, 14, 13, 7, 5, 32, 14, 28, 25, 15, 14, 27, 7, 27, 1, 28, 6, 0, 15, 12, 25, 8, 31, 33, 1, 0, 12, 25, 25, 22, 18, 35, 15, 30, 1, 13, 6, 6, 2, 18, 16, 8, 4, 6, 32, 30, 27]


      ‖ F_wa
==============
R_wa  ‖ m      

Vertical_support: 0.889
Indices_supporting: [32, 1, 0, 32, 12, 5, 31, 8, 23, 2, 17, 14, 34, 25, 12, 14, 27, 24, 21, 23, 16, 10, 6, 3, 2, 13, 18, 12, 32, 24, 34, 8, 4, 16, 0, 32, 34, 8, 22, 8, 1, 0, 1, 25, 18, 32, 28, 2, 2, 1, 15, 27, 22, 35, 6, 3, 18, 31, 25, 2, 1, 3, 0, 16, 13, 15, 32, 21, 18, 32, 5, 24, 34, 14, 11, 27, 9, 23, 26, 22, 35, 9, 22, 35, 18, 31, 26, 35, 14, 27, 7, 23, 6, 27, 2, 16, 35, 15, 31, 32, 25, 25, 1, 33, 14, 8, 24, 27, 23, 35, 0, 17, 25, 24, 25, 18, 35, 34, 34, 15, 8, 35, 0, 14, 27, 9, 0, 32, 31, 9, 5, 2, 18, 34, 14, 1, 1, 1, 14, 13, 35, 5, 14, 25, 15, 14, 27, 27, 1, 28, 0, 15, 12, 25, 8, 23, 1, 0, 12, 25, 18, 35, 22, 1, 14, 24, 13, 6, 2, 15, 6, 32, 9, 27]


      ‖ R_wa
==============
S_wa  ‖ m      

Vertical_support: 0.861
Indices_supporting: [5, 27, 31, 5, 30, 7, 23, 22, 7, 25, 22, 35, 25, 2, 27, 34, 34, 4, 18, 11, 30, 14, 34, 1, 21, 24, 20, 27, 7, 24, 22, 29, 6, 5, 15, 22, 2, 5, 21, 31, 24, 5, 33, 1, 23, 24, 32, 16, 4, 13, 26, 25, 28, 12, 35, 25, 14, 2, 27, 11, 27, 14, 27, 20, 23, 10, 9, 6, 22, 28, 9, 31, 14]


       ‖ R_wa   F_wa
======================
N_mob  ‖ <      <      
----------------------
R_wa   ‖        m      

Vertical_support: 0.833
Indices_supporting: [14, 8, 27, 1, 1, 7, 23, 1, 16, 28, 31, 12, 5, 12, 33, 2, 2, 27, 2, 23, 27, 34, 1, 35, 12, 17, 0, 18, 35, 24, 35, 22, 15, 2, 27, 24, 1, 1, 24, 14, 3, 9, 16, 10, 3, 32, 13, 31, 12, 6, 21, 32, 14, 24, 5, 8, 34, 15, 27, 1, 1, 14, 16, 26, 35, 22, 25, 8, 22, 26]


      ‖ R_wa   R_wa
=====================
F_wa  ‖ m      <      
---------------------
R_wa  ‖        <      

Vertical_support: 0.833
Indices_supporting: [3, 0, 13, 8, 18, 34, 14, 1, 13, 27, 23, 22, 14, 1, 1, 14, 7, 16, 27, 12, 12, 0, 17, 14, 31, 34, 0, 25, 22, 32, 21, 18, 33, 27, 24, 16, 16, 3, 0, 35, 27, 14, 1, 9, 25, 22, 2, 8, 5, 1, 32, 32, 6, 2, 34, 1, 32, 7, 27, 2, 18, 27, 23, 23, 6, 31, 1, 15, 12, 7, 12, 9, 4, 34, 1, 24, 20, 0, 26, 14, 1, 0, 35, 14, 27, 2, 27, 35, 35, 8]


       ‖ N_mob   N_mob
========================
F_wa   ‖ <       <       
------------------------
N_mob  ‖         <       

Vertical_support: 0.833
Indices_supporting: [21, 29, 35, 16, 26, 17, 35, 26, 23, 6, 22, 2, 10, 7, 23, 12, 28, 28, 30, 21, 20, 29, 12, 21, 30, 16, 14, 26, 1, 1, 16, 31, 28, 16, 28, 7, 24, 7, 4, 7, 12, 34, 15, 4, 30, 26, 0, 26, 28, 27, 28, 28, 3, 2, 21, 28, 20, 16, 16, 12, 21, 4, 17, 16, 22, 34, 22, 22, 10, 22, 22, 33, 16, 16, 26, 35, 17, 16, 3, 29, 9, 8, 10, 26, 26, 28, 33, 7, 24, 20, 3, 32, 29, 12, 9, 8, 7]


      ‖ S_wa
==============
R_wa  ‖ m      

Vertical_support: 0.833
Indices_supporting: [23, 0, 17, 4, 33, 34, 30, 7, 5, 22, 6, 27, 11, 12, 14, 20, 27, 27, 7, 33, 14, 35, 7, 22, 2, 9, 25, 22, 29, 9, 5, 30, 8, 14, 23, 30, 20, 27, 34, 7, 35, 24, 2, 15, 31, 3, 11, 34, 5, 23, 1, 17, 24, 9, 26, 33, 6, 18, 21, 2, 12, 24, 24, 24]


      ‖ F_wa   R_wa
=====================
F_wa  ‖ <      <      
---------------------
F_wa  ‖        m      

Vertical_support: 0.806
Indices_supporting: [3, 0, 13, 8, 18, 14, 1, 13, 23, 35, 14, 11, 1, 1, 14, 7, 16, 27, 2, 12, 24, 3, 30, 12, 0, 5, 17, 14, 34, 31, 0, 13, 22, 32, 4, 18, 27, 16, 32, 3, 0, 0, 31, 1, 25, 22, 2, 8, 1, 32, 32, 6, 2, 18, 34, 32, 8, 27, 6, 18, 27, 26, 23, 6, 16, 1, 15, 12, 7, 16, 12, 9, 17, 1, 34, 8, 0, 26, 9, 14, 23, 1, 0, 35, 27, 2, 16, 35, 15, 35, 8]


      ‖ F_wa
==============
S_wa  ‖ m      

Vertical_support: 0.806
Indices_supporting: [16, 31, 30, 8, 32, 31, 5, 4, 33, 3, 15, 17, 16, 17, 23, 3, 30, 26, 23, 23, 35, 28, 7, 16, 33, 6, 0, 15, 9, 16, 30, 0, 17, 29, 2, 9, 35, 13, 15, 11, 15, 15, 11, 24, 33, 6, 12, 26, 13, 12, 26, 8, 17, 31, 10, 5, 7, 32, 12, 28, 7, 33, 6, 31, 30, 33, 25, 22, 15, 30, 16, 7, 6, 18, 16, 8, 4, 0, 2, 30]


      ‖ F_wa   N_mob
======================
R_wa  ‖ m      <       
-----------------------
F_wa  ‖        <       

Vertical_support: 0.806
Indices_supporting: [4, 18, 1, 9, 35, 9, 17, 1, 0, 35, 2, 1, 28, 28, 8, 7, 21, 14, 32, 21, 35, 21, 1, 2, 34, 31, 31, 27, 23, 16, 31, 16, 27, 15, 8, 1, 6, 25, 34, 12, 12, 2, 0, 26, 28, 33, 28, 28, 2, 2, 15, 21, 16, 28, 3, 16, 32, 12, 8, 21, 8, 34, 22, 22, 14, 22, 22, 35, 27, 3, 3, 16, 12, 11, 8, 16, 9, 26, 21, 27, 27, 26, 23, 22, 35, 6, 22, 22, 25, 24, 24, 2, 12, 15, 12]


       ‖ F_wa   R_wa
======================
N_mob  ‖ <      <      
----------------------
F_wa   ‖        m      

Vertical_support: 0.778
Indices_supporting: [12, 8, 1, 27, 7, 16, 17, 24, 3, 17, 32, 32, 22, 15, 12, 18, 9, 25, 7, 21, 14, 20, 17, 24, 14, 8, 2, 0, 26, 32, 3, 2, 15, 12, 2, 14, 18, 0, 31, 1, 27, 1, 16, 7, 9, 16, 9, 29, 0, 6, 2, 1, 27, 12, 2, 27, 21, 24, 23, 26, 3, 27, 7, 30, 12, 1, 16, 17, 35, 0, 22, 5, 1, 24]


      ‖ R_wa   N_mob
======================
F_wa  ‖ m      <       
-----------------------
R_wa  ‖        <       

Vertical_support: 0.778
Indices_supporting: [21, 17, 1, 29, 35, 16, 6, 18, 17, 5, 35, 0, 17, 23, 6, 2, 1, 23, 32, 12, 1, 7, 7, 20, 0, 32, 29, 12, 21, 8, 14, 16, 31, 23, 1, 1, 16, 31, 27, 24, 7, 4, 1, 6, 34, 15, 4, 0, 0, 26, 27, 1, 14, 2, 15, 16, 3, 20, 16, 32, 12, 21, 17, 16, 22, 34, 22, 22, 14, 22, 22, 35, 27, 24, 16, 3, 16, 12, 16, 3, 17, 29, 9, 8, 8, 27, 32, 31, 24, 7, 24, 3, 20, 32, 29, 12, 12]


      ‖ S_wa
==============
F_wa  ‖ m      

Vertical_support: 0.778
Indices_supporting: [23, 30, 26, 4, 16, 6, 6, 2, 16, 35, 15, 22, 24, 27, 5, 15, 31, 11, 9, 13, 13, 23, 32, 9, 30, 31, 5, 30, 12, 4, 15, 33, 17, 26, 33, 22, 28, 16, 25, 35, 35, 10, 15, 31, 30, 8, 22, 11, 28, 31, 8, 33, 26, 16, 13, 6, 16, 28, 31, 15, 5, 6, 0, 25, 32, 3, 18]


       ‖ N_mob   N_mob
========================
R_wa   ‖ <       <       
------------------------
N_mob  ‖         <       

Vertical_support: 0.778
Indices_supporting: [21, 20, 1, 29, 26, 16, 12, 21, 17, 28, 35, 20, 28, 3, 2, 1, 23, 28, 28, 21, 21, 30, 15, 4, 21, 7, 21, 3, 12, 21, 17, 16, 14, 34, 31, 10, 16, 31, 16, 7, 24, 20, 29, 34, 12, 4, 12, 0, 28, 27, 28, 2, 15, 21, 30, 29, 28, 20, 3, 16, 26, 6, 21, 8, 7, 29, 22, 22, 22, 2, 22, 27, 22, 20, 29, 3, 16, 24, 21, 29, 3, 17, 16, 29, 26, 21, 17, 26, 10, 22, 25, 7, 20, 29, 12, 12]


       ‖ R_wa   N_mob
=======================
N_mob  ‖ <      <       
-----------------------
R_wa   ‖        <       

Vertical_support: 0.75
Indices_supporting: [17, 24, 14, 1, 16, 35, 10, 3, 28, 31, 31, 21, 17, 15, 21, 16, 5, 35, 17, 1, 1, 20, 3, 29, 9, 34, 6, 22, 21, 21, 8, 20, 7, 23, 27, 7, 16, 22, 28, 34, 22, 21, 1, 14, 5, 4, 20, 24, 3, 29, 20, 29, 2, 12, 26, 12]


      ‖ R_wa   S_wa
=====================
F_wa  ‖ m      <      
---------------------
R_wa  ‖        m      

Vertical_support: 0.75
Indices_supporting: [23, 17, 0, 34, 4, 22, 27, 12, 14, 20, 27, 27, 33, 14, 35, 7, 2, 25, 30, 5, 8, 14, 23, 7, 35, 24, 2, 15, 31, 3, 17, 1, 24, 9, 33, 18, 6, 21, 2, 12]


      ‖ R_wa   F_wa
=====================
F_wa  ‖ m      <      
---------------------
R_wa  ‖        m      

Vertical_support: 0.75
Indices_supporting: [32, 1, 32, 12, 8, 23, 2, 17, 34, 25, 14, 12, 16, 3, 18, 32, 12, 24, 34, 8, 16, 0, 34, 8, 22, 8, 1, 0, 18, 32, 2, 1, 15, 22, 35, 6, 2, 1, 3, 0, 16, 13, 15, 32, 18, 5, 9, 23, 22, 9, 35, 31, 26, 35, 14, 27, 27, 7, 2, 35, 16, 15, 32, 1, 33, 14, 27, 24, 23, 0, 17, 25, 25, 24, 35, 34, 34, 15, 8, 35, 0, 14, 0, 32, 31, 9, 18, 1, 1, 14, 13, 5, 14, 25, 15, 14, 27, 27, 1, 0, 15, 25, 8, 1, 0, 12, 25, 18, 35, 1, 13, 6, 2, 6, 32, 27]


      ‖ F_wa   R_wa
=====================
S_wa  ‖ m      <      
---------------------
F_wa  ‖        m      

Vertical_support: 0.75
Indices_supporting: [8, 7, 16, 32, 13, 17, 18, 7, 17, 8, 8, 35, 0, 9, 12, 2, 12, 15, 33, 4, 11, 5, 23, 32, 9, 15, 29, 35, 6, 2, 26, 31, 23, 0, 3, 24, 7, 30, 17, 16, 15, 16, 25, 22, 15, 17]


      ‖ S_wa
==============
S_wa  ‖ <      

Vertical_support: 0.75
Indices_supporting: [23, 0, 17, 4, 23, 30, 26, 33, 4, 30, 7, 6, 16, 5, 6, 2, 16, 35, 12, 4, 15, 30, 31, 5, 7, 13, 7, 23, 22, 9, 31, 5, 22, 29, 5, 12, 4, 28, 30, 30, 30, 33, 20, 17, 27, 7, 33, 22, 28, 5, 10, 15, 31, 11, 30, 33, 23, 11, 28, 31, 17, 33, 34, 7, 16, 13, 31, 33, 28, 16, 6, 0, 24, 30]


      ‖ F_wa   R_wa
=====================
R_wa  ‖ m      <      
---------------------
F_wa  ‖        m      

Vertical_support: 0.75
Indices_supporting: [3, 0, 13, 8, 25, 18, 14, 1, 14, 13, 23, 2, 35, 18, 14, 27, 1, 1, 14, 7, 16, 25, 25, 27, 12, 12, 35, 0, 6, 34, 14, 31, 35, 0, 22, 22, 14, 25, 5, 14, 32, 2, 15, 18, 27, 16, 9, 3, 0, 21, 18, 34, 23, 1, 8, 25, 2, 18, 34, 14, 31, 8, 2, 1, 24, 32, 32, 32, 6, 2, 24, 34, 32, 32, 27, 1, 23, 25, 5, 18, 1, 27, 27, 23, 1, 6, 1, 15, 12, 27, 24, 15, 12, 9, 21, 34, 1, 0, 26, 35, 32, 0, 14, 2, 0, 31, 14, 34, 9, 1, 0, 35, 33, 27, 2, 1, 27, 35, 25, 24, 35, 8, 24]


       ‖ N_mob   S_wa
=======================
N_mob  ‖ <       <      
-----------------------
N_mob  ‖         <      

Vertical_support: 0.722
Indices_supporting: [17, 4, 23, 26, 4, 7, 6, 22, 22, 4, 30, 20, 5, 13, 7, 22, 29, 31, 29, 22, 12, 28, 20, 17, 26, 7, 28, 35, 16, 22, 24, 10, 2, 15, 31, 3, 33, 23, 28, 34, 17, 7, 9, 28, 16, 21, 12, 5, 2, 3, 30]


       ‖ N_mob   F_wa
=======================
N_mob  ‖ <       <      
-----------------------
N_mob  ‖         <      

Vertical_support: 0.722
Indices_supporting: [26, 16, 7, 8, 27, 7, 28, 16, 6, 12, 15, 12, 28, 31, 30, 2, 30, 22, 1, 33, 12, 17, 0, 3, 12, 3, 24, 30, 5, 27, 21, 12, 17, 26, 16, 10, 29, 3, 3, 13, 7, 21, 12, 31, 17, 10, 15, 17, 26, 16, 35, 7, 20, 13, 3, 22, 28, 30, 26]


      ‖ F_wa   F_wa
=====================
R_wa  ‖ m      <      
---------------------
F_wa  ‖        <      

Vertical_support: 0.722
Indices_supporting: [16, 32, 1, 31, 8, 2, 34, 31, 5, 14, 3, 3, 18, 32, 12, 24, 8, 16, 16, 23, 0, 34, 1, 0, 35, 32, 2, 1, 22, 6, 15, 1, 0, 17, 13, 15, 2, 5, 23, 35, 13, 35, 11, 15, 14, 27, 27, 16, 35, 32, 27, 24, 24, 6, 12, 25, 24, 35, 35, 0, 14, 12, 0, 31, 18, 31, 5, 1, 1, 14, 13, 5, 32, 14, 28, 14, 27, 27, 1, 25, 8, 31, 1, 0, 12, 25, 25, 22, 18, 1, 6, 6, 4, 32, 27]


      ‖ R_wa   S_wa
=====================
F_wa  ‖ m      <      
---------------------
R_wa  ‖        <      

Vertical_support: 0.694
Indices_supporting: [33, 2, 24, 22, 12, 27, 7, 14, 5, 31, 4, 7, 13, 23, 22, 29, 25, 12, 15, 11, 17, 35, 35, 25, 16, 31, 30, 34, 22, 31, 9, 16, 16, 25, 6, 5, 0]


      ‖ S_wa   F_wa
=====================
F_wa  ‖ m      <      
---------------------
S_wa  ‖        m      

Vertical_support: 0.694
Indices_supporting: [26, 23, 16, 15, 35, 28, 15, 30, 31, 24, 31, 33, 8, 16, 6, 25, 6, 22, 31, 15, 15, 5, 9, 16, 30, 33, 13, 26, 17, 0, 3, 6, 2, 18, 9, 15, 16, 5, 8, 16, 4, 35, 13, 32, 28, 30, 11]


      ‖ R_wa   F_wa
=====================
S_wa  ‖ <      <      
---------------------
R_wa  ‖        m      

Vertical_support: 0.694
Indices_supporting: [35, 27, 7, 1, 28, 15, 12, 0, 5, 26, 15, 2, 23, 22, 35, 17, 25, 6, 24, 31, 15, 22, 2, 14, 12, 8, 1, 16, 16, 32, 13, 6, 18, 24, 5, 9, 9, 8, 22, 27]


      ‖ R_wa   F_wa
=====================
S_wa  ‖ m      <      
---------------------
R_wa  ‖        m      

Vertical_support: 0.694
Indices_supporting: [1, 23, 6, 28, 25, 31, 25, 25, 5, 28, 12, 31, 2, 27, 14, 31, 25, 22, 27, 24, 14, 21, 24, 27, 10, 9, 6, 2, 13, 21, 5, 2, 34, 14, 24, 34, 14, 4, 27, 11, 35, 1, 15, 26, 35, 32, 22, 18]


      ‖ R_wa   F_wa
=====================
R_wa  ‖ <      <      
---------------------
R_wa  ‖        m      

Vertical_support: 0.694
Indices_supporting: [32, 1, 5, 2, 34, 14, 14, 27, 3, 18, 32, 12, 24, 8, 16, 0, 34, 1, 0, 32, 2, 2, 1, 22, 25, 1, 0, 13, 15, 21, 24, 5, 11, 27, 23, 35, 18, 14, 27, 27, 6, 35, 16, 32, 27, 24, 25, 24, 35, 35, 0, 14, 27, 9, 0, 31, 18, 34, 14, 1, 1, 14, 1, 13, 35, 5, 14, 14, 27, 27, 1, 25, 8, 1, 0, 12, 25, 18, 22, 1, 24, 6, 32, 27]


       ‖ N_mob   R_wa
=======================
N_mob  ‖ <       <      
-----------------------
N_mob  ‖         <      

Vertical_support: 0.667
Indices_supporting: [8, 7, 16, 17, 22, 3, 22, 15, 12, 9, 34, 7, 21, 4, 20, 17, 20, 0, 7, 27, 22, 26, 5, 3, 2, 22, 12, 21, 31, 34, 1, 24, 16, 4, 7, 26, 29, 12, 3, 2, 21, 12, 26, 27, 3, 7, 17, 16, 10, 9, 22, 28, 22, 1, 24]


       ‖ R_wa
===============
N_mob  ‖ m      

Vertical_support: 0.667
Indices_supporting: [17, 7, 0, 6, 27, 5, 4, 21, 17, 30, 20, 22, 2, 12, 4, 18, 2, 1, 29, 26, 31, 35, 11, 16, 23, 18, 28, 17, 8]


      ‖ F_wa   F_wa
=====================
F_wa  ‖ <      <      
---------------------
F_wa  ‖        <      

Vertical_support: 0.667
Indices_supporting: [14, 16, 14, 15, 27, 1, 7, 35, 0, 28, 31, 15, 27, 24, 15, 1, 6, 3, 25, 31, 6, 22, 24, 5, 35, 1, 30, 0, 17, 16, 0, 26, 13, 13, 0, 6, 2, 5, 1, 16, 23, 13, 32, 8, 26]


       ‖ N_mob   R_wa
=======================
F_wa   ‖ <       <      
-----------------------
N_mob  ‖         <      

Vertical_support: 0.667
Indices_supporting: [7, 16, 22, 12, 9, 34, 4, 20, 0, 7, 8, 22, 27, 26, 21, 31, 24, 16, 26, 35, 3, 14, 2, 12, 26, 1, 30, 34, 16, 23, 10, 9, 22, 2, 31, 17, 8]


      ‖ F_wa   N_mob
======================
S_wa  ‖ m      <       
-----------------------
F_wa  ‖        <       

Vertical_support: 0.667
Indices_supporting: [30, 4, 17, 30, 16, 16, 12, 26, 0, 28, 26, 9, 12, 3, 18, 11, 16, 33, 17, 30, 23, 7, 29, 26, 23, 7, 10, 16, 28, 28, 7, 10, 17, 4, 17, 16, 4, 7, 22, 22, 12, 6, 28, 16, 30, 28, 8, 30, 4, 17, 7, 30, 26, 33, 0, 24, 3, 29, 10, 26, 6, 31, 15, 12, 2, 7]


      ‖ F_wa   R_wa
=====================
R_wa  ‖ <      <      
---------------------
F_wa  ‖        m      

Vertical_support: 0.667
Indices_supporting: [8, 16, 0, 0, 32, 22, 25, 14, 7, 20, 17, 1, 8, 13, 23, 35, 3, 2, 12, 2, 4, 11, 27, 14, 1, 5, 14, 9, 16, 29, 0, 27, 5, 2, 27, 2, 27, 24, 23, 1, 3, 7, 12, 1, 16, 22, 2, 35, 14, 17]


       ‖ F_wa   N_mob
=======================
N_mob  ‖ <      <       
-----------------------
F_wa   ‖        <       

Vertical_support: 0.639
Indices_supporting: [30, 17, 26, 12, 3, 16, 3, 31, 3, 26, 28, 17, 28, 16, 21, 35, 16, 30, 17, 23, 10, 26, 7, 29, 9, 16, 12, 28, 8, 21, 28, 7, 17, 27, 26, 16, 23, 22, 7, 12, 22, 28, 28, 30, 12, 12, 22, 8, 30, 2, 25, 14, 30, 26, 24, 10, 12, 21, 22, 26, 3, 15, 12, 2]


      ‖ R_wa   F_wa
=====================
F_wa  ‖ m      <      
---------------------
R_wa  ‖        <      

Vertical_support: 0.639
Indices_supporting: [14, 30, 15, 14, 7, 16, 27, 1, 35, 6, 31, 2, 27, 24, 7, 14, 1, 3, 25, 22, 12, 0, 5, 35, 25, 1, 0, 12, 0, 17, 13, 0, 21, 2, 31, 5, 17, 1, 1, 23, 13, 16, 23, 32, 3]


      ‖ R_wa   F_wa   R_wa
============================
F_wa  ‖ m      <      <      
----------------------------
R_wa  ‖        m      <      
----------------------------
F_wa  ‖               m      

Vertical_support: 0.639
Indices_supporting: [12, 1, 0, 3, 0, 32, 32, 22, 13, 8, 6, 12, 2, 18, 15, 14, 9, 34, 1, 14, 1, 34, 32, 13, 0, 23, 32, 26, 14, 18, 27, 14, 1, 1, 14, 27, 1, 16, 0, 35, 7, 16, 31, 3, 0, 27, 18, 27, 12, 2, 27, 1, 23, 34, 12, 1, 35, 6, 0, 25, 2, 35, 8, 8]


      ‖ F_wa   N_mob
======================
F_wa  ‖ <      <       
-----------------------
F_wa  ‖        <       

Vertical_support: 0.639
Indices_supporting: [30, 4, 35, 26, 28, 26, 16, 28, 3, 11, 17, 16, 35, 16, 23, 26, 9, 16, 16, 32, 12, 2, 4, 27, 16, 4, 6, 22, 7, 34, 6, 28, 16, 28, 24, 14, 30, 30, 26, 24, 32, 3, 0, 22, 26, 31]


      ‖ R_wa   F_wa
=====================
F_wa  ‖ <      <      
---------------------
R_wa  ‖        m      

Vertical_support: 0.639
Indices_supporting: [14, 14, 27, 1, 7, 28, 35, 0, 12, 2, 27, 15, 27, 14, 1, 6, 24, 31, 35, 25, 1, 0, 0, 16, 13, 6, 13, 0, 21, 4, 1, 1, 23, 26, 13, 35, 32, 32, 22, 8, 26]


      ‖ F_wa   F_wa
=====================
S_wa  ‖ m      <      
---------------------
F_wa  ‖        <      

Vertical_support: 0.639
Indices_supporting: [30, 35, 23, 7, 28, 15, 12, 0, 28, 15, 30, 15, 23, 33, 22, 16, 35, 6, 3, 17, 31, 6, 0, 24, 30, 31, 15, 15, 12, 2, 16, 30, 8, 16, 26, 16, 0, 32, 13, 18, 16, 9, 7, 9, 8, 30, 26]


      ‖ S_wa   F_wa
=====================
R_wa  ‖ <      <      
---------------------
S_wa  ‖        m      

Vertical_support: 0.639
Indices_supporting: [23, 16, 15, 35, 31, 8, 24, 31, 30, 7, 6, 25, 22, 12, 6, 31, 15, 5, 12, 17, 0, 3, 6, 2, 31, 5, 16, 4, 35, 23, 13, 32, 28, 30, 11]


      ‖ F_wa   S_wa
=====================
R_wa  ‖ m      <      
---------------------
F_wa  ‖        m      

Vertical_support: 0.639
Indices_supporting: [23, 6, 2, 35, 24, 22, 15, 27, 5, 11, 9, 13, 13, 32, 9, 4, 15, 17, 22, 35, 16, 25, 35, 31, 8, 22, 28, 8, 26, 16, 31, 6, 32, 5, 25, 15, 3, 18]


      ‖ F_wa   S_wa
=====================
R_wa  ‖ m      <      
---------------------
F_wa  ‖        <      

Vertical_support: 0.639
Indices_supporting: [34, 6, 22, 27, 24, 12, 12, 22, 27, 7, 14, 27, 27, 13, 35, 25, 5, 28, 14, 23, 28, 35, 35, 2, 15, 31, 31, 3, 15, 31, 1, 24, 9, 32, 16, 6, 25, 21, 12, 2]


       ‖ S_wa   N_mob
=======================
N_mob  ‖ <      <       
-----------------------
S_wa   ‖        <       

Vertical_support: 0.611
Indices_supporting: [30, 21, 20, 26, 9, 16, 12, 26, 28, 28, 3, 3, 10, 24, 4, 29, 7, 23, 12, 29, 10, 17, 26, 35, 1, 20, 26, 16, 28, 7, 7, 7, 26, 7, 22, 28, 28, 28, 4, 5, 16, 4, 26, 24, 20, 7, 22, 26, 2, 28, 27]


       ‖ F_wa
===============
N_mob  ‖ m      

Vertical_support: 0.611
Indices_supporting: [16, 6, 32, 12, 28, 30, 2, 8, 7, 17, 34, 22, 17, 22, 34, 26, 21, 35, 33, 10, 3, 3, 6, 2, 18, 15, 1, 16, 16, 7, 13, 3, 28, 8]


      ‖ F_wa   R_wa
=====================
S_wa  ‖ <      <      
---------------------
F_wa  ‖        m      

Vertical_support: 0.611
Indices_supporting: [12, 2, 27, 24, 24, 13, 22, 25, 25, 9, 5, 24, 14, 2, 26, 2, 32, 14, 15, 18, 27, 31, 16, 7, 9, 25, 6, 5, 1, 21, 27, 0, 34, 26, 1, 27, 15, 6, 34, 14]


      ‖ S_wa   R_wa
=====================
R_wa  ‖ m      <      
---------------------
S_wa  ‖        m      

Vertical_support: 0.611
Indices_supporting: [5, 22, 7, 25, 35, 27, 34, 34, 4, 30, 18, 34, 1, 24, 27, 20, 7, 24, 22, 5, 15, 2, 21, 33, 5, 24, 24, 14, 2, 27, 11, 14, 27, 23, 9, 6, 22, 9, 14]


      ‖ F_wa   R_wa   F_wa
============================
R_wa  ‖ m      <      <      
----------------------------
F_wa  ‖        m      <      
----------------------------
R_wa  ‖               m      

Vertical_support: 0.611
Indices_supporting: [14, 27, 27, 14, 32, 1, 0, 1, 27, 27, 1, 35, 16, 32, 32, 25, 8, 2, 1, 27, 24, 2, 34, 1, 22, 0, 12, 25, 18, 25, 35, 14, 1, 1, 35, 0, 14, 0, 13, 15, 3, 0, 18, 6, 12, 31, 32, 24, 18, 5, 8, 1, 1, 14, 23, 13, 16, 32, 5, 0, 34, 14, 35, 27]


       ‖ R_wa   S_wa
======================
N_mob  ‖ <      <      
----------------------
R_wa   ‖        m      

Vertical_support: 0.583
Indices_supporting: [17, 34, 0, 7, 5, 22, 27, 12, 14, 20, 7, 22, 22, 30, 5, 8, 14, 7, 24, 15, 3, 34, 23, 17, 1, 9, 6, 21, 2, 12]


      ‖ S_wa   R_wa
=====================
F_wa  ‖ m      <      
---------------------
S_wa  ‖        <      

Vertical_support: 0.583
Indices_supporting: [5, 16, 13, 18, 4, 17, 8, 8, 35, 6, 9, 4, 11, 23, 32, 6, 2, 26, 24, 31, 0, 3, 16, 15, 16, 22, 5]


      ‖ S_wa   F_wa   R_wa
============================
F_wa  ‖ m      <      <      
----------------------------
S_wa  ‖        m      <      
----------------------------
F_wa  ‖               m      

Vertical_support: 0.583
Indices_supporting: [16, 13, 18, 17, 8, 8, 35, 9, 4, 11, 23, 32, 6, 2, 26, 31, 24, 0, 3, 16, 15, 16, 22, 5]


      ‖ S_wa   N_mob
======================
R_wa  ‖ m      <       
-----------------------
S_wa  ‖        <       

Vertical_support: 0.583
Indices_supporting: [21, 20, 30, 26, 14, 27, 0, 9, 12, 24, 21, 24, 5, 29, 7, 23, 30, 12, 29, 17, 1, 20, 26, 6, 6, 11, 27, 7, 17, 23, 7, 30, 22, 30, 4, 7, 4, 5, 7, 20, 7, 22, 2, 26, 12, 12, 2, 27]


       ‖ N_mob   R_wa
=======================
R_wa   ‖ <       <      
-----------------------
N_mob  ‖         <      

Vertical_support: 0.583
Indices_supporting: [8, 16, 22, 22, 34, 21, 20, 17, 27, 0, 7, 22, 15, 3, 2, 22, 12, 21, 34, 1, 23, 24, 16, 16, 29, 35, 12, 3, 14, 2, 21, 27, 3, 7, 1, 16, 22, 2, 9, 17, 24]


      ‖ F_wa   R_wa
=====================
R_wa  ‖ m      <      
---------------------
F_wa  ‖        <      

Vertical_support: 0.583
Indices_supporting: [0, 23, 16, 0, 32, 22, 34, 14, 17, 1, 1, 8, 13, 23, 22, 35, 22, 4, 11, 27, 14, 1, 32, 14, 16, 35, 0, 27, 2, 2, 27, 27, 2, 27, 14, 24, 3, 27, 12, 1, 16, 9, 22, 2, 35, 5]


      ‖ R_wa   S_wa
=====================
R_wa  ‖ <      <      
---------------------
R_wa  ‖        m      

Vertical_support: 0.583
Indices_supporting: [23, 34, 33, 30, 22, 27, 12, 14, 27, 27, 7, 35, 22, 9, 25, 22, 14, 23, 20, 7, 2, 15, 31, 3, 34, 1, 24, 9, 6, 21, 2, 12, 24]


       ‖ F_wa   S_wa
======================
N_mob  ‖ <      <      
----------------------
F_wa   ‖        m      

Vertical_support: 0.556
Indices_supporting: [23, 30, 26, 4, 6, 6, 15, 22, 27, 5, 31, 9, 13, 30, 12, 17, 22, 28, 16, 35, 10, 31, 8, 31, 22, 8, 31, 6, 28, 5, 3, 30]


       ‖ F_wa   F_wa
======================
N_mob  ‖ <      <      
----------------------
F_wa   ‖        <      

Vertical_support: 0.556
Indices_supporting: [14, 27, 7, 1, 16, 28, 12, 28, 31, 30, 27, 31, 8, 2, 17, 22, 12, 24, 5, 2, 1, 12, 17, 16, 3, 26, 3, 3, 32, 12, 6, 5, 16, 16, 13, 30, 26]


       ‖ S_wa   F_wa
======================
N_mob  ‖ <      <      
----------------------
S_wa   ‖        m      

Vertical_support: 0.556
Indices_supporting: [26, 7, 16, 33, 23, 6, 28, 31, 30, 33, 30, 8, 24, 31, 7, 33, 16, 6, 22, 12, 5, 30, 15, 26, 12, 17, 26, 3, 29, 7, 6, 17, 31, 10, 5, 17, 16, 7, 13, 3, 28, 30]


       ‖ S_wa
===============
N_mob  ‖ m      

Vertical_support: 0.556
Indices_supporting: [23, 34, 23, 4, 30, 30, 2, 22, 22, 11, 30, 27, 33, 7, 13, 29, 28, 20, 10, 26, 33, 22, 28, 16, 10, 5, 7, 26, 16, 7, 25, 21]


      ‖ S_wa   R_wa
=====================
F_wa  ‖ <      <      
---------------------
S_wa  ‖        m      

Vertical_support: 0.556
Indices_supporting: [5, 7, 25, 34, 4, 1, 24, 27, 20, 7, 22, 6, 21, 33, 24, 16, 35, 14, 2, 27, 14, 27, 23, 9, 22, 31]


       ‖ N_mob   F_wa
=======================
F_wa   ‖ <       <      
-----------------------
N_mob  ‖         <      

Vertical_support: 0.556
Indices_supporting: [16, 7, 7, 28, 6, 12, 32, 15, 12, 28, 2, 1, 3, 24, 30, 9, 30, 12, 17, 16, 26, 21, 2, 31, 1, 17, 16, 26, 8, 35, 7, 22, 22, 26]


      ‖ N_mob
===============
F_wa  ‖ m       

Vertical_support: 0.556
Indices_supporting: [1, 16, 27, 0, 3, 31, 12, 5, 21, 28, 5, 3, 1, 16, 16, 17, 26, 28, 28, 6, 31, 3, 8, 13, 26, 1, 20, 31, 15, 12, 22, 32, 3, 25, 28, 8]


       ‖ N_mob   N_mob
========================
S_wa   ‖ <       <       
------------------------
N_mob  ‖         <       

Vertical_support: 0.556
Indices_supporting: [20, 17, 1, 26, 12, 26, 21, 28, 10, 26, 23, 20, 28, 28, 10, 28, 28, 28, 21, 21, 30, 4, 0, 29, 7, 16, 10, 26, 28, 28, 7, 21, 29, 7, 4, 12, 4, 4, 16, 30, 13, 26, 26, 28, 10, 13, 28, 28, 3, 29, 20, 16, 26, 6, 7, 4, 17, 16, 22, 22, 10, 29, 22, 21, 20, 29, 21, 21, 16, 21, 17, 27, 10, 28, 7, 3, 12, 7]


      ‖ R_wa   N_mob
======================
S_wa  ‖ m      <       
-----------------------
R_wa  ‖        <       

Vertical_support: 0.556
Indices_supporting: [1, 21, 20, 29, 27, 10, 28, 28, 31, 21, 5, 21, 28, 27, 1, 20, 34, 21, 28, 6, 34, 22, 20, 7, 23, 27, 30, 28, 10, 25, 22, 28, 22, 21, 21, 12, 30, 2, 5, 4, 7, 28, 7, 25, 2, 15, 22]


      ‖ N_mob
===============
S_wa  ‖ m       

Vertical_support: 0.556
Indices_supporting: [28, 16, 12, 16, 19, 17, 12, 17, 15, 20, 23, 30, 27, 26, 16, 28, 6, 10, 7, 7, 4, 29, 6, 28, 33, 29, 30, 24, 15, 20, 7, 12, 16, 33, 5, 9]


      ‖ R_wa   N_mob
======================
R_wa  ‖ <      <       
-----------------------
R_wa  ‖        <       

Vertical_support: 0.556
Indices_supporting: [1, 27, 35, 3, 31, 12, 2, 21, 15, 5, 35, 0, 1, 16, 31, 3, 9, 6, 21, 2, 27, 1, 21, 23, 7, 27, 1, 22, 34, 22, 22, 30, 7, 5, 4, 7, 7, 22, 2, 35, 12, 27, 12]


       ‖ S_wa   R_wa
======================
N_mob  ‖ <      <      
----------------------
S_wa   ‖        m      

Vertical_support: 0.528
Indices_supporting: [22, 22, 35, 34, 4, 1, 27, 20, 7, 22, 5, 22, 2, 31, 21, 5, 24, 16, 4, 26, 12, 35, 2, 27, 9, 22, 28, 9, 31, 14]


      ‖ S_wa   F_wa
=====================
F_wa  ‖ <      <      
---------------------
S_wa  ‖        m      

Vertical_support: 0.528
Indices_supporting: [30, 7, 16, 15, 6, 28, 31, 15, 24, 33, 7, 6, 25, 22, 12, 0, 31, 5, 30, 30, 12, 17, 26, 6, 2, 31, 5, 17, 16, 23, 7, 3]


      ‖ F_wa   S_wa
=====================
F_wa  ‖ <      <      
---------------------
F_wa  ‖        m      

Vertical_support: 0.528
Indices_supporting: [30, 26, 6, 6, 16, 2, 24, 22, 27, 31, 5, 15, 13, 23, 5, 30, 12, 15, 17, 28, 35, 16, 25, 35, 15, 31, 30, 31, 22, 16, 16, 13, 28, 25, 5, 6, 0]


      ‖ S_wa   N_mob
======================
F_wa  ‖ m      <       
-----------------------
S_wa  ‖        <       

Vertical_support: 0.528
Indices_supporting: [30, 4, 33, 26, 0, 28, 26, 28, 3, 3, 2, 11, 16, 4, 26, 35, 26, 16, 28, 16, 16, 31, 22, 28, 4, 13, 10, 26, 16, 4, 22, 28, 6, 28, 16, 25, 28, 30, 8, 30, 26, 24, 3, 6, 31, 28, 8]


       ‖ N_mob   S_wa
=======================
F_wa   ‖ <       <      
-----------------------
N_mob  ‖         <      

Vertical_support: 0.528
Indices_supporting: [17, 4, 26, 22, 7, 4, 30, 20, 31, 33, 7, 22, 29, 12, 28, 28, 35, 35, 2, 31, 34, 23, 17, 9, 16, 28, 16, 21, 12]


      ‖ R_wa   F_wa
=====================
S_wa  ‖ m      <      
---------------------
R_wa  ‖        <      

Vertical_support: 0.528
Indices_supporting: [27, 1, 5, 11, 31, 30, 2, 22, 25, 14, 22, 1, 29, 7, 6, 6, 24, 5, 4, 35, 20, 13, 28, 27]


      ‖ F_wa   F_wa   R_wa
============================
R_wa  ‖ m      <      <      
----------------------------
F_wa  ‖        <      <      
----------------------------
F_wa  ‖               m      

Vertical_support: 0.528
Indices_supporting: [16, 0, 0, 32, 14, 17, 1, 8, 13, 23, 35, 4, 11, 27, 14, 1, 14, 16, 0, 27, 2, 27, 2, 24, 3, 12, 1, 16, 22, 2, 35, 5]


      ‖ N_mob
===============
R_wa  ‖ m       

Vertical_support: 0.528
Indices_supporting: [18, 10, 12, 9, 21, 3, 22, 5, 21, 27, 8, 23, 26, 16, 27, 6, 22, 7, 24, 2, 16, 21, 34, 7, 29, 3, 7]


       ‖ R_wa   R_wa
======================
N_mob  ‖ <      <      
----------------------
R_wa   ‖        <      

Vertical_support: 0.5
Indices_supporting: [27, 24, 22, 3, 34, 14, 24, 14, 1, 20, 26, 2, 14, 31, 5, 1, 1, 7, 16, 9, 21, 2, 27, 35, 0, 9, 22, 1]


       ‖ N_mob   F_wa
=======================
N_mob  ‖ <       <      
-----------------------
N_mob  ‖         m      

Vertical_support: 0.5
Indices_supporting: [16, 12, 30, 2, 8, 17, 34, 7, 22, 17, 22, 26, 21, 33, 10, 3, 3, 6, 1, 16, 16, 7, 13, 3, 28, 8]


      ‖ S_wa   F_wa
=====================
F_wa  ‖ m      <      
---------------------
S_wa  ‖        <      

Vertical_support: 0.5
Indices_supporting: [28, 0, 12, 28, 15, 15, 27, 6, 3, 6, 31, 24, 31, 30, 26, 16, 6, 13, 6, 4, 26, 35, 32, 22, 8, 26]


      ‖ F_wa   R_wa   F_wa
============================
S_wa  ‖ m      <      <      
----------------------------
F_wa  ‖        m      <      
----------------------------
R_wa  ‖               m      

Vertical_support: 0.5
Indices_supporting: [35, 7, 15, 12, 0, 15, 23, 35, 17, 6, 24, 12, 15, 2, 8, 16, 16, 32, 13, 18, 9, 9, 8, 22, 26]


      ‖ R_wa   R_wa
=====================
S_wa  ‖ m      <      
---------------------
R_wa  ‖        <      

Vertical_support: 0.5
Indices_supporting: [2, 27, 24, 24, 22, 22, 22, 25, 25, 27, 5, 30, 24, 14, 7, 2, 2, 32, 14, 15, 18, 27, 5, 31, 9, 25, 5, 1, 21, 27, 34, 1, 27, 22, 9, 6, 34, 14]


      ‖ S_wa   F_wa
=====================
R_wa  ‖ m      <      
---------------------
S_wa  ‖        <      

Vertical_support: 0.5
Indices_supporting: [23, 6, 5, 2, 30, 14, 22, 25, 22, 27, 24, 27, 0, 9, 21, 34, 14, 24, 11, 27, 35, 1, 18, 30]


      ‖ F_wa   S_wa
=====================
R_wa  ‖ <      <      
---------------------
F_wa  ‖        m      

Vertical_support: 0.5
Indices_supporting: [6, 24, 22, 27, 31, 13, 23, 5, 12, 33, 28, 35, 35, 15, 31, 30, 31, 11, 16, 25, 0, 30]


      ‖ F_wa   S_wa   F_wa
============================
R_wa  ‖ m      <      <      
----------------------------
F_wa  ‖        m      <      
----------------------------
S_wa  ‖               m      

Vertical_support: 0.5
Indices_supporting: [15, 16, 35, 31, 24, 31, 8, 25, 6, 22, 15, 5, 17, 3, 6, 2, 5, 16, 4, 35, 13, 32, 28, 11]
