202 TRP, 363s

      ‖ F_wa
==============
S_wa  ‖ <      

Vertical_support: 0.972
Indices_supporting: [4, 13, 32, 6, 22, 15, 30, 30, 11, 25, 2, 35, 34, 28, 6, 15, 27, 21, 23, 13, 12, 14, 9, 25, 24, 5, 18, 30, 16, 18, 5, 22, 27, 34, 29, 2, 8, 7, 5, 31, 33, 13, 26, 23, 31, 10, 12, 22, 2, 2, 14, 11, 30, 26, 24, 16, 22, 27, 6, 0, 17, 21, 1, 30, 8, 23, 0, 1, 26, 35, 32, 9, 1, 14, 1, 14, 28, 7, 6, 9, 20, 15, 15, 15, 12, 24, 16, 35, 0, 24, 25, 35, 31, 30, 4, 15, 28, 7, 6, 6, 31, 31, 2, 14, 27, 24, 27, 3, 16, 16, 35, 28, 25, 25, 27]


       ‖ F_wa
===============
R_mob  ‖ <      

Vertical_support: 0.972
Indices_supporting: [4, 0, 6, 35, 17, 13, 32, 9, 25, 30, 30, 8, 27, 11, 25, 35, 32, 28, 6, 27, 21, 23, 33, 0, 7, 23, 3, 32, 34, 12, 2, 12, 8, 14, 33, 9, 25, 34, 25, 5, 22, 18, 24, 30, 5, 13, 25, 18, 0, 5, 22, 27, 24, 5, 1, 32, 18, 32, 29, 34, 18, 2, 7, 32, 9, 14, 25, 24, 33, 26, 23, 10, 9, 25, 22, 2, 34, 14, 11, 30, 31, 26, 1, 24, 1, 16, 22, 18, 15, 12, 23, 7, 32, 26, 1, 30, 12, 8, 1, 26, 35, 32, 9, 1, 34, 31, 33, 10, 23, 1, 1, 14, 7, 6, 9, 20, 23, 18, 18, 15, 35, 15, 12, 14, 24, 23, 1, 16, 35, 3, 18, 15, 14, 11, 16, 8, 0, 25, 22, 35, 31, 30, 4, 1, 15, 26, 1, 33, 31, 6, 31, 2, 14, 27, 24, 3, 16, 16, 35, 28, 25, 3, 2, 14, 27]


       ‖ R_wa
===============
R_mob  ‖ <      

Vertical_support: 0.972
Indices_supporting: [21, 23, 23, 34, 1, 30, 3, 12, 26, 18, 17, 13, 10, 27, 23, 35, 8, 5, 1, 34, 7, 1, 1, 27, 7, 6, 32, 31, 25, 24, 4, 23, 3, 24, 1, 32, 33, 6, 9, 14, 7, 35, 13, 32, 6, 22, 35, 35, 34, 25, 5, 34, 14, 14, 23, 22, 7, 35, 14, 24, 14, 1, 20, 16, 16, 32, 9, 25, 0, 2, 15, 27, 4, 34, 2, 9, 22, 0, 26, 25, 5, 24, 18, 34, 31, 8, 18, 0, 9, 32, 15, 11, 27, 24, 1, 1, 34, 2, 12, 25, 27, 5, 4, 24, 32, 12, 9, 8, 22, 18, 0, 25, 22, 2, 35, 14, 25, 1, 21, 23, 32, 29, 7, 16, 12, 23, 18, 26, 35, 16, 9, 5, 22, 18, 34, 22, 28, 23, 1, 15, 14, 27, 7, 2, 14, 31, 32, 5, 0, 15, 27, 24]


       ‖ S_mob
================
F_mob  ‖ <       

Vertical_support: 0.972
Indices_supporting: [33, 30, 12, 17, 14, 2, 35, 14, 18, 24, 20, 16, 29, 6, 24, 21, 9, 23, 0, 32, 9, 27, 27, 7, 1, 5, 22, 15, 7, 3, 26, 25, 3, 27, 24, 0, 17, 17, 35, 0, 17, 31, 27, 13, 4, 33, 31, 4, 33, 32, 8, 3, 34, 25, 15, 26, 23, 13, 10, 5, 15, 34, 28, 6, 3, 1, 33, 29, 9, 5, 10, 27, 22, 9, 22, 22, 18, 7, 32, 12, 11, 8, 24]


       ‖ F_mob
================
S_mob  ‖ <       

Vertical_support: 0.972
Indices_supporting: [17, 1, 17, 13, 25, 22, 18, 8, 0, 26, 20, 9, 35, 12, 31, 23, 5, 0, 12, 23, 18, 34, 26, 16, 10, 27, 18, 14, 27, 23, 33, 14, 28, 23, 25, 24, 29, 0, 34, 33, 22, 11, 30, 9, 23, 23, 2, 32, 25, 6, 6, 3, 5, 7, 0, 15, 27, 13, 35, 0, 6, 5, 22, 8, 5, 32, 31, 27, 27, 7, 7, 3, 30, 21, 17, 33, 5, 4, 20, 31, 8, 14, 23, 2, 16, 35, 35, 27, 15, 26, 3]


       ‖ F_wa
===============
S_mob  ‖ <      

Vertical_support: 0.972
Indices_supporting: [0, 35, 9, 6, 25, 22, 30, 32, 34, 28, 27, 21, 23, 32, 7, 3, 13, 12, 27, 15, 8, 14, 33, 3, 15, 25, 18, 5, 13, 16, 5, 22, 27, 16, 3, 29, 25, 18, 8, 7, 17, 15, 25, 5, 31, 33, 13, 26, 23, 32, 31, 13, 10, 12, 25, 22, 2, 31, 11, 30, 26, 1, 22, 18, 15, 27, 23, 35, 7, 6, 0, 17, 26, 21, 34, 1, 0, 1, 16, 35, 0, 14, 33, 10, 23, 0, 28, 7, 6, 9, 20, 23, 18, 18, 15, 12, 14, 27, 24, 4, 35, 3, 0, 5, 18, 27, 8, 24, 17, 17, 35, 30, 4, 26, 0, 28, 7, 6, 6, 8, 14, 27, 24, 27, 3, 16, 13, 35, 28, 35, 8]


      ‖ S_mob
===============
S_wa  ‖ <       

Vertical_support: 0.944
Indices_supporting: [33, 30, 26, 12, 17, 28, 14, 14, 2, 15, 25, 16, 27, 20, 16, 6, 24, 21, 23, 28, 9, 27, 27, 7, 35, 5, 2, 0, 22, 20, 7, 0, 17, 17, 0, 9, 25, 35, 31, 28, 27, 7, 4, 31, 25, 4, 33, 32, 7, 2, 33, 8, 3, 34, 15, 27, 26, 23, 10, 28, 5, 15, 34, 4, 6, 3, 33, 30, 29, 13, 9, 14, 10, 13, 6, 22, 22, 18, 20, 17, 22, 32, 12, 11, 8]


      ‖ R_wa
==============
S_wa  ‖ <      

Vertical_support: 0.944
Indices_supporting: [21, 30, 2, 12, 26, 12, 2, 17, 17, 13, 10, 9, 23, 27, 5, 34, 7, 30, 7, 6, 31, 2, 24, 23, 3, 33, 32, 0, 14, 7, 13, 6, 22, 35, 25, 5, 22, 7, 35, 12, 14, 1, 1, 16, 16, 32, 9, 15, 4, 34, 2, 9, 26, 5, 31, 8, 15, 18, 11, 24, 16, 25, 25, 17, 8, 27, 4, 27, 25, 9, 22, 5, 31, 27, 22, 14, 2, 29, 7, 16, 15, 12, 23, 16, 9, 8, 22, 24, 18, 17, 15, 28, 7, 6, 32, 5, 0, 15, 27, 24]


      ‖ F_mob
===============
S_wa  ‖ <       

Vertical_support: 0.944
Indices_supporting: [17, 1, 17, 13, 2, 34, 33, 5, 1, 33, 26, 26, 20, 12, 2, 12, 31, 31, 10, 16, 23, 6, 16, 5, 7, 0, 17, 25, 25, 1, 0, 16, 27, 2, 14, 27, 27, 14, 32, 28, 23, 24, 4, 21, 15, 29, 4, 0, 13, 12, 33, 30, 9, 2, 14, 11, 16, 30, 35, 16, 17, 23, 24, 22, 2, 6, 6, 3, 5, 24, 31, 7, 30, 18, 13, 9, 22, 12, 6, 25, 5, 5, 32, 34, 31, 27, 7, 7, 33, 30, 21, 9, 17, 33, 5, 4, 24, 20, 16, 32, 31, 5, 34, 11, 16, 35, 25, 27, 24, 30, 23, 15, 3]


      ‖ S_mob
===============
R_wa  ‖ <       

Vertical_support: 0.944
Indices_supporting: [33, 26, 12, 17, 28, 8, 14, 14, 2, 35, 14, 25, 22, 16, 18, 21, 15, 14, 27, 23, 20, 16, 29, 6, 24, 21, 23, 9, 32, 13, 27, 7, 27, 1, 5, 2, 18, 22, 15, 7, 3, 25, 21, 3, 27, 5, 24, 0, 17, 35, 0, 17, 9, 25, 35, 0, 27, 13, 7, 33, 11, 24, 4, 7, 2, 8, 3, 34, 25, 27, 23, 13, 28, 5, 15, 34, 8, 4, 20, 28, 3, 1, 30, 8, 13, 9, 23, 5, 5, 0, 10, 27, 22, 22, 22, 18, 8, 7, 20, 22, 12, 11]


      ‖ F_wa
==============
R_wa  ‖ <      

Vertical_support: 0.944
Indices_supporting: [4, 16, 6, 35, 17, 6, 30, 8, 27, 11, 28, 6, 27, 27, 33, 0, 7, 3, 13, 32, 32, 34, 2, 12, 14, 8, 3, 0, 25, 5, 22, 18, 24, 14, 5, 1, 13, 0, 31, 22, 27, 24, 5, 1, 16, 32, 32, 34, 12, 29, 17, 2, 15, 25, 5, 24, 31, 23, 0, 32, 13, 6, 25, 22, 2, 2, 31, 11, 30, 1, 24, 1, 32, 18, 15, 12, 27, 23, 35, 7, 0, 26, 21, 34, 1, 30, 12, 1, 16, 35, 9, 14, 31, 33, 1, 1, 14, 6, 23, 20, 35, 18, 14, 27, 24, 23, 35, 3, 0, 5, 18, 15, 14, 11, 27, 16, 8, 24, 0, 17, 35, 31, 1, 1, 0, 7, 6, 8, 14, 27, 27, 3, 25, 25, 35, 2, 14]


      ‖ S_wa
==============
R_wa  ‖ <      

Vertical_support: 0.944
Indices_supporting: [9, 33, 23, 35, 16, 32, 31, 28, 3, 22, 22, 11, 11, 27, 30, 5, 28, 35, 15, 25, 3, 8, 4, 7, 12, 9, 12, 5, 23, 9, 22, 2, 15, 31, 7, 35, 6, 6, 22, 5, 2, 5, 15, 14, 14, 27, 27, 13, 23, 23, 29, 23, 20, 22, 16, 32, 9, 8, 34, 24, 17, 33, 25, 24, 28, 30, 6, 22, 5, 31, 16, 2, 12, 24, 21, 31, 30, 7, 0, 26, 6, 25, 18, 32, 34, 15, 27, 1, 35, 13, 25, 31, 11, 7, 4, 15, 12]


       ‖ S_mob
================
R_mob  ‖ <       

Vertical_support: 0.944
Indices_supporting: [33, 30, 26, 12, 14, 14, 25, 22, 21, 14, 27, 23, 16, 29, 23, 23, 32, 28, 9, 13, 27, 1, 35, 5, 0, 2, 18, 15, 22, 3, 25, 21, 24, 0, 17, 9, 35, 0, 31, 27, 7, 33, 31, 24, 4, 33, 32, 7, 33, 34, 27, 26, 23, 28, 5, 34, 8, 4, 20, 3, 8, 9, 23, 5, 5, 0, 10, 22, 13, 9, 6, 22, 8, 20, 22, 32, 24]


       ‖ F_mob
================
R_mob  ‖ <       

Vertical_support: 0.944
Indices_supporting: [14, 18, 34, 14, 33, 8, 24, 1, 26, 26, 20, 35, 9, 2, 2, 14, 31, 31, 10, 23, 23, 3, 16, 29, 7, 12, 21, 18, 12, 25, 34, 32, 5, 18, 2, 27, 23, 0, 32, 28, 6, 25, 24, 21, 1, 24, 4, 0, 13, 32, 12, 34, 30, 22, 14, 16, 30, 35, 16, 18, 17, 23, 1, 23, 6, 3, 31, 7, 1, 30, 8, 35, 14, 9, 22, 35, 12, 5, 24, 18, 17, 8, 5, 1, 34, 27, 24, 27, 27, 7, 7, 33, 2, 9, 25, 34, 1, 33, 5, 24, 1, 20, 16, 35, 8, 5, 14, 23, 25, 24, 1, 33, 9, 23, 23, 15, 32, 26, 24]


       ‖ S_wa
===============
R_mob  ‖ <      

Vertical_support: 0.944
Indices_supporting: [26, 24, 0, 10, 23, 5, 35, 16, 32, 31, 28, 3, 22, 11, 11, 27, 30, 28, 4, 15, 28, 25, 8, 7, 12, 12, 5, 33, 23, 9, 22, 2, 15, 7, 16, 35, 6, 11, 33, 30, 7, 6, 8, 22, 5, 5, 15, 9, 34, 23, 23, 2, 29, 23, 20, 22, 16, 32, 9, 8, 34, 30, 26, 14, 30, 33, 28, 6, 16, 29, 5, 31, 16, 33, 6, 24, 4, 21, 24, 30, 30, 7, 25, 18, 34, 27, 31, 1, 35, 13, 11, 7, 15, 12]


      ‖ S_wa
==============
F_wa  ‖ <      

Vertical_support: 0.944
Indices_supporting: [26, 24, 0, 15, 35, 23, 5, 35, 16, 31, 28, 22, 22, 18, 27, 5, 28, 20, 35, 28, 25, 3, 4, 17, 7, 12, 12, 33, 23, 2, 15, 31, 7, 16, 35, 6, 23, 33, 30, 7, 6, 8, 22, 5, 2, 15, 14, 14, 27, 27, 23, 2, 29, 16, 32, 9, 34, 30, 24, 17, 14, 17, 30, 33, 25, 30, 6, 22, 16, 5, 31, 16, 33, 6, 2, 12, 24, 4, 21, 30, 7, 0, 25, 34, 27, 13, 1, 13, 25, 31, 11, 7, 15, 12]


      ‖ S_mob
===============
F_wa  ‖ <       

Vertical_support: 0.944
Indices_supporting: [33, 30, 33, 12, 17, 8, 14, 2, 35, 14, 25, 22, 16, 18, 15, 14, 27, 23, 20, 16, 29, 23, 9, 23, 32, 28, 9, 13, 27, 1, 35, 22, 2, 15, 3, 26, 21, 3, 27, 24, 0, 17, 0, 17, 9, 18, 0, 31, 28, 27, 13, 7, 33, 31, 4, 33, 32, 7, 18, 33, 8, 3, 15, 26, 23, 13, 10, 28, 5, 15, 34, 8, 4, 28, 6, 3, 30, 29, 8, 13, 9, 23, 5, 0, 27, 22, 13, 6, 22, 18, 8, 7, 17, 32, 12, 8, 24]


      ‖ R_wa
==============
F_wa  ‖ <      

Vertical_support: 0.944
Indices_supporting: [23, 34, 1, 30, 3, 0, 0, 26, 18, 12, 17, 13, 10, 23, 22, 8, 5, 1, 7, 1, 1, 27, 7, 6, 32, 31, 25, 27, 2, 24, 4, 23, 3, 1, 32, 6, 0, 9, 27, 31, 7, 24, 14, 13, 6, 22, 35, 31, 5, 14, 23, 27, 27, 16, 16, 0, 2, 12, 27, 4, 34, 0, 26, 25, 24, 34, 31, 27, 35, 32, 32, 15, 14, 11, 27, 20, 1, 1, 16, 34, 2, 16, 12, 25, 35, 8, 4, 12, 9, 8, 22, 18, 6, 2, 35, 1, 23, 32, 16, 12, 8, 18, 26, 3, 35, 16, 13, 32, 9, 22, 0, 8, 22, 2, 18, 17, 14, 14, 33, 0, 22, 28, 1, 14, 27, 7, 14, 21, 15]


       ‖ S_mob
================
F_mob  ‖ m       

Vertical_support: 0.944
Indices_supporting: [26, 12, 2, 17, 14, 14, 32, 2, 35, 25, 16, 21, 15, 27, 23, 16, 29, 6, 24, 23, 23, 32, 27, 35, 0, 2, 18, 3, 21, 3, 27, 24, 0, 17, 17, 0, 17, 6, 25, 0, 18, 27, 7, 33, 31, 11, 4, 33, 32, 7, 2, 8, 3, 34, 27, 13, 28, 5, 4, 20, 30, 8, 13, 9, 23, 5, 0, 10, 27, 22, 13, 9, 6, 22, 22, 8, 20, 17, 32]


       ‖ F_mob
================
S_mob  ‖ m       

Vertical_support: 0.944
Indices_supporting: [17, 2, 34, 33, 24, 26, 20, 35, 9, 2, 35, 31, 14, 10, 24, 4, 3, 29, 27, 0, 16, 17, 21, 25, 0, 5, 18, 27, 23, 0, 32, 28, 21, 15, 4, 0, 13, 12, 30, 2, 27, 17, 24, 6, 2, 0, 6, 3, 7, 1, 8, 3, 9, 18, 27, 22, 12, 8, 32, 27, 27, 33, 17, 15, 4, 1, 20, 16, 8, 5, 7, 9, 23, 25, 27, 33, 9, 23, 32, 26, 3]


      ‖ R_mob
===============
S_wa  ‖ <       

Vertical_support: 0.917
Indices_supporting: [23, 33, 1, 16, 9, 9, 8, 31, 5, 2, 12, 33, 30, 30, 5, 30, 26, 35, 8, 17, 34, 30, 8, 27, 26, 6, 5, 11, 23, 31, 9, 22, 2, 15, 28, 7, 21, 16, 30, 23, 33, 35, 29, 24, 16, 12, 4, 34, 33, 26, 13, 6, 22, 11, 1, 35, 16, 35, 28, 24, 4, 3, 24, 7, 26, 23, 10, 22, 34, 1, 5, 31, 28, 12, 31, 7, 2, 23, 14, 33, 32, 26, 25, 24, 27, 24, 6, 18, 7, 5, 29, 14, 7]


      ‖ F_mob
===============
R_wa  ‖ <       

Vertical_support: 0.917
Indices_supporting: [1, 25, 18, 2, 14, 31, 33, 8, 5, 24, 1, 0, 34, 26, 20, 35, 0, 32, 12, 9, 2, 2, 35, 14, 31, 23, 23, 6, 3, 16, 29, 5, 27, 27, 7, 0, 16, 32, 12, 23, 21, 18, 12, 25, 34, 34, 26, 0, 16, 32, 27, 5, 1, 14, 27, 27, 23, 33, 0, 14, 6, 23, 25, 16, 24, 4, 21, 1, 15, 24, 13, 32, 12, 18, 34, 9, 8, 2, 14, 11, 16, 27, 35, 16, 32, 18, 8, 24, 1, 23, 6, 22, 2, 0, 32, 25, 6, 6, 3, 24, 31, 7, 1, 30, 8, 3, 35, 15, 18, 14, 27, 1, 9, 22, 35, 0, 35, 12, 6, 25, 5, 2, 22, 24, 17, 8, 5, 1, 34, 31, 27, 24, 27, 27, 3, 33, 30, 2, 25, 17, 1, 15, 14, 34, 5, 4, 1, 20, 24, 16, 12, 35, 31, 8, 5, 34, 14, 11, 27, 9, 23, 2, 35, 25, 27, 24, 1, 33, 9, 23, 23, 15, 32, 26, 3, 24]


      ‖ R_wa
==============
R_wa  ‖ <      

Vertical_support: 0.917
Indices_supporting: [21, 23, 23, 34, 1, 3, 0, 0, 2, 12, 25, 18, 12, 2, 17, 13, 27, 9, 22, 35, 8, 5, 1, 34, 14, 24, 23, 1, 1, 30, 27, 7, 32, 31, 27, 2, 1, 24, 23, 24, 3, 1, 6, 3, 9, 27, 14, 31, 7, 24, 35, 14, 32, 22, 35, 35, 34, 25, 5, 34, 14, 14, 23, 22, 7, 14, 11, 27, 24, 1, 14, 27, 1, 20, 16, 15, 9, 25, 0, 2, 12, 27, 4, 34, 34, 0, 26, 25, 5, 24, 18, 18, 34, 8, 18, 0, 27, 9, 35, 32, 32, 5, 2, 1, 15, 14, 18, 11, 27, 24, 20, 1, 1, 16, 34, 2, 16, 12, 6, 25, 25, 25, 35, 27, 24, 4, 35, 32, 12, 27, 8, 5, 22, 18, 31, 11, 27, 0, 6, 22, 2, 25, 35, 14, 25, 2, 35, 1, 21, 23, 32, 29, 7, 16, 15, 12, 8, 23, 18, 3, 35, 16, 13, 32, 9, 5, 22, 0, 8, 22, 2, 24, 17, 14, 14, 33, 34, 8, 0, 22, 23, 1, 15, 14, 27, 7, 6, 2, 14, 31, 32, 21, 5, 2, 33, 27, 24]


       ‖ F_mob
================
R_mob  ‖ m       

Vertical_support: 0.917
Indices_supporting: [17, 1, 14, 25, 22, 18, 14, 31, 8, 5, 1, 0, 33, 34, 26, 0, 32, 12, 2, 12, 31, 23, 16, 23, 6, 16, 5, 27, 8, 7, 32, 12, 23, 2, 18, 12, 25, 34, 34, 26, 1, 16, 32, 10, 27, 2, 18, 1, 14, 27, 33, 14, 6, 23, 3, 25, 16, 24, 4, 1, 29, 24, 32, 18, 34, 33, 9, 8, 22, 14, 11, 16, 30, 35, 16, 32, 18, 9, 8, 23, 1, 23, 23, 22, 32, 25, 6, 24, 5, 33, 31, 30, 0, 35, 15, 14, 1, 13, 9, 35, 0, 35, 6, 25, 5, 2, 18, 24, 17, 5, 1, 32, 34, 31, 24, 27, 7, 7, 3, 30, 21, 2, 9, 25, 34, 1, 33, 14, 5, 24, 32, 12, 35, 31, 34, 14, 11, 27, 2, 16, 35, 34, 35, 30, 24, 1, 23, 15, 9, 24]


       ‖ R_mob
================
R_mob  ‖ <       

Vertical_support: 0.917
Indices_supporting: [18, 32, 1, 16, 9, 9, 25, 24, 18, 34, 1, 23, 25, 5, 18, 34, 1, 14, 9, 18, 12, 33, 30, 30, 5, 7, 34, 30, 26, 35, 16, 8, 34, 30, 8, 27, 1, 17, 26, 6, 14, 23, 0, 9, 22, 2, 15, 31, 28, 7, 16, 14, 23, 16, 33, 35, 29, 25, 24, 35, 16, 8, 18, 34, 1, 26, 1, 9, 6, 11, 1, 35, 34, 35, 28, 2, 2, 14, 24, 4, 33, 33, 14, 6, 3, 13, 12, 31, 25, 24, 7, 26, 23, 34, 10, 22, 18, 34, 14, 34, 1, 1, 5, 31, 28, 8, 22, 3, 2, 33, 14, 32, 22, 12, 31, 7, 22, 23, 14, 33, 32, 26, 25, 24, 24, 23, 23, 35, 32, 9, 6, 25, 5, 18, 15, 24, 5, 1, 35, 32, 12, 24, 14, 7]


      ‖ R_wa
==============
F_wa  ‖ m      

Vertical_support: 0.917
Indices_supporting: [21, 23, 34, 1, 30, 3, 0, 0, 2, 12, 26, 18, 2, 17, 17, 13, 27, 9, 23, 22, 8, 1, 34, 14, 7, 23, 1, 1, 27, 7, 6, 27, 2, 34, 1, 24, 3, 33, 32, 6, 3, 0, 14, 31, 35, 13, 32, 22, 35, 35, 25, 5, 7, 35, 12, 14, 27, 24, 1, 14, 27, 1, 20, 16, 16, 32, 25, 0, 2, 15, 12, 27, 34, 34, 9, 22, 0, 26, 5, 18, 31, 8, 18, 33, 0, 9, 35, 32, 15, 32, 2, 1, 15, 14, 18, 11, 24, 1, 1, 16, 34, 2, 16, 12, 25, 25, 25, 35, 17, 8, 24, 4, 27, 35, 32, 12, 25, 9, 8, 18, 31, 27, 0, 0, 6, 22, 25, 35, 14, 25, 2, 35, 1, 21, 23, 32, 29, 7, 16, 15, 12, 8, 23, 18, 3, 13, 32, 9, 0, 8, 24, 2, 18, 17, 14, 14, 34, 8, 0, 15, 23, 1, 15, 14, 6, 0, 14, 31, 32, 5, 2, 18, 33, 15, 27, 24]


      ‖ F_mob
===============
F_wa  ‖ <       

Vertical_support: 0.917
Indices_supporting: [17, 1, 17, 14, 25, 18, 2, 31, 8, 24, 1, 0, 33, 34, 26, 26, 35, 0, 32, 12, 2, 35, 12, 14, 31, 31, 24, 23, 16, 23, 6, 3, 16, 29, 27, 27, 7, 0, 16, 32, 12, 23, 21, 2, 18, 12, 25, 25, 34, 26, 0, 16, 32, 18, 18, 1, 27, 23, 33, 14, 32, 28, 6, 25, 3, 16, 1, 24, 4, 0, 13, 32, 12, 18, 34, 33, 30, 9, 8, 22, 16, 30, 27, 35, 16, 32, 18, 17, 9, 23, 24, 1, 23, 22, 2, 0, 32, 25, 6, 3, 5, 33, 31, 7, 1, 8, 3, 35, 14, 27, 1, 13, 9, 22, 35, 0, 35, 12, 6, 5, 2, 22, 24, 8, 5, 1, 31, 24, 27, 27, 7, 7, 2, 9, 25, 17, 1, 15, 14, 33, 34, 24, 4, 1, 16, 32, 12, 31, 5, 14, 11, 27, 23, 2, 16, 35, 34, 35, 25, 27, 30, 1, 33, 23, 15, 32, 9, 24]


      ‖ R_mob
===============
F_wa  ‖ <       

Vertical_support: 0.917
Indices_supporting: [23, 18, 33, 32, 16, 8, 24, 18, 34, 1, 23, 25, 5, 18, 34, 1, 33, 14, 9, 2, 35, 18, 32, 12, 30, 7, 34, 30, 35, 16, 8, 17, 34, 30, 8, 27, 1, 0, 17, 26, 6, 25, 25, 2, 14, 23, 0, 9, 22, 15, 31, 9, 28, 7, 5, 16, 14, 0, 16, 33, 35, 29, 25, 24, 35, 16, 12, 8, 1, 33, 26, 1, 13, 9, 6, 22, 1, 34, 35, 28, 2, 2, 15, 14, 27, 24, 21, 33, 14, 6, 3, 13, 32, 12, 31, 25, 7, 23, 34, 31, 10, 18, 1, 1, 35, 5, 31, 28, 8, 3, 2, 22, 33, 14, 27, 24, 32, 12, 22, 12, 31, 7, 22, 2, 20, 27, 23, 33, 13, 32, 26, 25, 9, 24, 23, 35, 32, 9, 6, 25, 5, 18, 15, 14, 1, 0, 16, 32, 35, 12, 24, 6, 15, 14]


       ‖ R_wa
===============
F_mob  ‖ <      

Vertical_support: 0.917
Indices_supporting: [21, 23, 1, 30, 3, 0, 2, 26, 12, 2, 17, 17, 13, 10, 9, 23, 27, 22, 35, 5, 1, 34, 14, 1, 1, 7, 6, 32, 31, 27, 1, 24, 4, 23, 3, 33, 32, 3, 0, 9, 27, 7, 24, 35, 32, 6, 22, 35, 34, 31, 34, 14, 23, 22, 7, 35, 27, 24, 1, 27, 1, 20, 16, 16, 32, 0, 2, 12, 27, 4, 34, 34, 9, 26, 25, 5, 24, 18, 18, 34, 8, 0, 27, 35, 32, 5, 2, 18, 14, 11, 27, 24, 20, 1, 1, 16, 2, 16, 12, 6, 25, 25, 25, 8, 5, 24, 27, 32, 12, 25, 9, 5, 2, 18, 11, 27, 0, 25, 22, 35, 25, 2, 35, 1, 23, 32, 7, 16, 12, 8, 23, 26, 3, 35, 16, 13, 32, 9, 0, 8, 22, 2, 18, 24, 34, 14, 33, 0, 23, 1, 14, 27, 7, 6, 2, 14, 32, 21, 5, 2, 33, 15, 27]


       ‖ F_mob
================
F_mob  ‖ <       

Vertical_support: 0.917
Indices_supporting: [17, 1, 14, 18, 34, 14, 31, 5, 24, 1, 0, 33, 34, 26, 35, 0, 32, 12, 2, 2, 35, 14, 31, 31, 10, 23, 16, 23, 6, 3, 16, 29, 5, 27, 27, 7, 0, 16, 32, 12, 21, 12, 25, 25, 34, 26, 0, 16, 32, 5, 2, 1, 27, 27, 23, 33, 32, 6, 23, 3, 16, 21, 1, 24, 4, 0, 13, 32, 18, 34, 30, 9, 8, 22, 2, 14, 16, 27, 30, 35, 16, 32, 18, 17, 9, 8, 24, 1, 23, 6, 22, 2, 23, 0, 32, 6, 3, 33, 31, 7, 30, 8, 3, 35, 18, 14, 27, 1, 13, 9, 22, 35, 12, 6, 5, 2, 18, 22, 17, 24, 5, 1, 32, 32, 34, 27, 24, 27, 27, 7, 2, 9, 25, 17, 1, 15, 14, 33, 34, 24, 4, 1, 16, 32, 12, 35, 8, 5, 34, 11, 27, 9, 23, 2, 35, 34, 30, 27, 24, 1, 33, 9, 23, 23, 32, 3, 9, 24]


       ‖ R_wa
===============
S_mob  ‖ <      

Vertical_support: 0.917
Indices_supporting: [21, 23, 34, 0, 0, 12, 12, 2, 17, 13, 27, 23, 22, 8, 5, 7, 23, 30, 7, 27, 2, 24, 4, 3, 1, 6, 3, 0, 27, 14, 7, 24, 14, 13, 22, 35, 31, 5, 14, 7, 14, 11, 1, 27, 20, 16, 32, 12, 4, 34, 22, 26, 24, 8, 18, 27, 7, 9, 35, 5, 1, 15, 18, 20, 16, 6, 35, 17, 8, 5, 27, 35, 27, 25, 9, 8, 5, 22, 18, 31, 27, 6, 22, 25, 35, 14, 2, 23, 15, 12, 26, 3, 13, 22, 24, 2, 17, 14, 33, 22, 28, 23, 15, 6, 20, 0, 32, 21, 0, 33, 15, 27, 24]


      ‖ F_wa
==============
R_wa  ‖ m      

Vertical_support: 0.889
Indices_supporting: [16, 35, 35, 13, 32, 6, 25, 22, 15, 8, 27, 11, 25, 2, 35, 34, 15, 27, 27, 21, 23, 0, 32, 23, 32, 34, 12, 2, 15, 12, 14, 14, 9, 25, 0, 34, 15, 25, 5, 24, 18, 14, 8, 1, 13, 25, 18, 0, 31, 5, 22, 27, 24, 5, 1, 16, 32, 6, 3, 18, 32, 34, 25, 18, 2, 2, 8, 7, 32, 15, 14, 25, 5, 13, 26, 0, 32, 31, 13, 10, 9, 12, 22, 2, 2, 34, 14, 26, 1, 24, 1, 16, 32, 22, 18, 12, 8, 27, 35, 6, 35, 17, 32, 21, 34, 1, 8, 23, 0, 1, 0, 32, 9, 1, 34, 14, 23, 1, 0, 1, 14, 28, 9, 23, 18, 18, 15, 12, 14, 27, 24, 1, 35, 35, 3, 18, 14, 27, 8, 23, 24, 0, 17, 25, 22, 35, 4, 1, 15, 1, 0, 33, 31, 6, 6, 2, 31, 31, 8, 2, 14, 27, 24, 27, 16, 35, 9, 25, 25, 28, 3, 35, 14, 27]


      ‖ R_mob
===============
R_wa  ‖ <       

Vertical_support: 0.889
Indices_supporting: [23, 18, 1, 9, 25, 24, 1, 23, 25, 5, 18, 34, 5, 1, 1, 14, 2, 35, 32, 12, 33, 30, 5, 7, 34, 26, 35, 32, 16, 35, 8, 17, 34, 30, 8, 27, 1, 0, 17, 25, 2, 8, 5, 11, 23, 0, 31, 9, 22, 2, 31, 9, 28, 7, 5, 14, 23, 0, 16, 35, 29, 25, 24, 35, 16, 12, 8, 18, 34, 1, 23, 1, 13, 9, 6, 22, 11, 1, 35, 35, 2, 2, 14, 27, 24, 21, 33, 14, 6, 3, 13, 32, 12, 31, 25, 24, 7, 26, 23, 34, 31, 22, 18, 34, 14, 1, 1, 31, 28, 8, 3, 2, 22, 14, 27, 32, 22, 12, 31, 7, 2, 27, 23, 14, 13, 26, 25, 9, 24, 24, 23, 23, 35, 32, 25, 5, 18, 18, 15, 14, 24, 5, 1, 16, 32, 35, 12, 24, 6, 15, 14, 7]


      ‖ F_wa
==============
F_wa  ‖ <      

Vertical_support: 0.889
Indices_supporting: [4, 16, 6, 35, 35, 13, 32, 9, 6, 25, 22, 15, 30, 30, 8, 27, 35, 28, 6, 15, 27, 27, 23, 0, 7, 3, 13, 32, 12, 32, 27, 34, 2, 15, 12, 14, 33, 9, 3, 0, 34, 15, 25, 5, 22, 18, 24, 14, 30, 8, 5, 1, 13, 25, 16, 0, 18, 31, 24, 5, 1, 16, 32, 6, 32, 12, 25, 18, 2, 2, 33, 8, 7, 17, 32, 9, 2, 15, 14, 25, 24, 31, 33, 26, 23, 0, 32, 13, 12, 9, 6, 25, 22, 2, 2, 34, 31, 26, 1, 1, 16, 32, 22, 18, 15, 12, 23, 35, 7, 6, 0, 17, 32, 21, 34, 1, 15, 12, 30, 8, 0, 1, 16, 26, 35, 0, 32, 34, 14, 31, 23, 1, 1, 14, 7, 6, 9, 23, 35, 18, 15, 15, 12, 14, 27, 24, 1, 16, 35, 35, 3, 0, 5, 18, 15, 14, 11, 27, 16, 8, 8, 0, 17, 17, 22, 31, 30, 4, 1, 15, 26, 1, 0, 33, 31, 28, 6, 2, 31, 8, 27, 3, 16, 13, 16, 35, 28, 25, 25, 3, 35, 14, 8]


       ‖ R_mob
================
F_mob  ‖ m       

Vertical_support: 0.889
Indices_supporting: [23, 18, 32, 1, 16, 9, 9, 8, 24, 18, 34, 1, 23, 25, 5, 34, 5, 1, 1, 14, 33, 9, 2, 35, 18, 32, 12, 33, 30, 30, 7, 30, 26, 35, 32, 16, 8, 34, 30, 27, 1, 17, 26, 25, 2, 14, 5, 0, 2, 15, 31, 9, 16, 14, 23, 0, 16, 33, 35, 29, 24, 35, 16, 12, 4, 18, 34, 1, 33, 1, 9, 6, 22, 11, 1, 2, 2, 27, 24, 21, 33, 14, 6, 3, 32, 12, 31, 25, 23, 34, 31, 10, 34, 14, 34, 1, 1, 35, 5, 31, 8, 3, 2, 33, 14, 27, 24, 32, 12, 31, 7, 22, 2, 27, 23, 32, 26, 25, 9, 24, 24, 23, 35, 32, 25, 18, 7, 5, 1, 0, 16, 32, 35, 12, 24, 6, 15]


       ‖ R_mob
================
S_mob  ‖ m       

Vertical_support: 0.889
Indices_supporting: [35, 8, 33, 0, 12, 16, 6, 25, 35, 22, 28, 25, 28, 8, 11, 14, 15, 20, 14, 4, 11, 31, 33, 23, 20, 26, 14, 33, 13, 31, 9, 13, 22, 24, 28, 18, 7, 21, 5, 7, 30, 27, 23, 10, 26, 9, 6, 22, 5, 25, 18, 15, 14, 22, 18, 8, 24, 5, 26, 23, 34, 0, 3, 13, 29, 22, 35, 28, 14, 17, 7]


       ‖ R_mob
================
S_mob  ‖ <       

Vertical_support: 0.889
Indices_supporting: [23, 18, 32, 8, 23, 5, 1, 9, 2, 35, 12, 33, 30, 30, 7, 26, 32, 16, 27, 17, 25, 2, 5, 23, 9, 15, 31, 9, 28, 0, 33, 24, 12, 8, 4, 33, 6, 35, 28, 4, 21, 33, 33, 6, 3, 13, 32, 25, 24, 26, 23, 34, 34, 1, 5, 28, 8, 3, 14, 27, 24, 22, 12, 7, 22, 2, 20, 27, 14, 13, 26, 9, 23, 9, 18, 18, 7, 24, 0, 16, 35, 15, 14]


      ‖ R_wa
==============
S_wa  ‖ m      

Vertical_support: 0.861
Indices_supporting: [23, 27, 7, 24, 27, 7, 14, 6, 25, 34, 31, 5, 12, 27, 34, 14, 14, 20, 26, 34, 23, 22, 10, 35, 16, 29, 35, 5, 22, 6, 5, 11, 22, 24, 5, 33, 1, 30, 27, 18, 13, 15, 9, 32, 22, 28, 25, 25, 22, 5, 2, 28, 31, 31, 4, 11, 14, 4, 23, 24, 27, 1, 7, 20, 2, 2, 25, 21, 24, 9, 27, 21, 30]


       ‖ S_wa
===============
F_mob  ‖ <      

Vertical_support: 0.861
Indices_supporting: [26, 24, 0, 15, 5, 35, 26, 23, 5, 16, 32, 31, 6, 22, 18, 11, 27, 4, 20, 35, 25, 3, 4, 17, 7, 12, 9, 33, 23, 7, 9, 22, 15, 7, 35, 6, 11, 23, 33, 30, 22, 5, 2, 5, 14, 27, 27, 9, 23, 29, 23, 20, 16, 32, 9, 30, 24, 17, 14, 6, 22, 16, 5, 31, 16, 2, 12, 24, 4, 21, 24, 30, 30, 7, 0, 26, 6, 18, 32, 34, 15, 27, 31, 13, 13, 25, 31, 33, 7, 30, 12]


       ‖ F_wa
===============
F_mob  ‖ <      

Vertical_support: 0.861
Indices_supporting: [16, 6, 35, 17, 13, 32, 9, 6, 22, 30, 2, 35, 32, 34, 6, 15, 27, 33, 32, 7, 23, 3, 32, 32, 34, 27, 2, 12, 14, 8, 33, 9, 3, 0, 15, 5, 22, 18, 18, 24, 30, 8, 5, 1, 13, 25, 18, 31, 5, 22, 27, 24, 5, 1, 16, 18, 32, 12, 34, 2, 2, 8, 17, 9, 2, 14, 24, 33, 23, 0, 32, 13, 10, 9, 6, 12, 22, 2, 2, 14, 11, 30, 31, 26, 1, 24, 1, 32, 12, 27, 23, 35, 7, 6, 0, 17, 32, 21, 15, 12, 30, 8, 0, 1, 16, 26, 0, 32, 9, 34, 31, 23, 1, 0, 1, 14, 6, 23, 35, 18, 27, 24, 23, 1, 16, 35, 3, 0, 18, 11, 27, 16, 8, 24, 0, 17, 17, 22, 31, 30, 1, 26, 1, 0, 33, 7, 6, 6, 2, 31, 2, 27, 27, 3, 16, 13, 25, 25, 3, 14, 8]


       ‖ R_mob
================
F_mob  ‖ <       

Vertical_support: 0.861
Indices_supporting: [23, 32, 16, 9, 25, 24, 18, 34, 1, 23, 5, 18, 1, 2, 35, 18, 30, 7, 30, 35, 32, 16, 17, 8, 27, 1, 0, 26, 6, 25, 2, 11, 23, 2, 28, 14, 23, 25, 16, 12, 34, 1, 26, 1, 13, 9, 1, 35, 34, 2, 2, 14, 24, 4, 21, 33, 33, 14, 13, 32, 12, 7, 26, 23, 22, 34, 14, 1, 31, 2, 33, 14, 32, 31, 20, 27, 23, 33, 13, 32, 26, 25, 9, 24, 23, 23, 35, 9, 6, 5, 24, 5, 1, 0, 16, 35, 12, 24, 7]


       ‖ S_wa
===============
S_mob  ‖ <      

Vertical_support: 0.861
Indices_supporting: [9, 0, 33, 10, 5, 30, 26, 23, 5, 28, 3, 27, 5, 28, 4, 20, 28, 4, 17, 9, 5, 33, 23, 7, 27, 15, 31, 7, 16, 35, 6, 11, 23, 7, 6, 8, 5, 2, 14, 27, 27, 13, 29, 20, 22, 16, 32, 26, 24, 17, 17, 33, 25, 24, 11, 28, 6, 22, 29, 31, 33, 12, 24, 4, 31, 30, 30, 0, 26, 25, 32, 15, 31, 13, 35, 13, 16, 33, 15]


      ‖ S_wa
==============
R_wa  ‖ m      

Vertical_support: 0.833
Indices_supporting: [2, 23, 14, 14, 27, 24, 0, 7, 9, 22, 9, 5, 35, 27, 5, 4, 2, 21, 24, 30, 5, 23, 2, 30, 31, 7, 20, 9, 34, 6, 22, 11, 18, 27, 23, 34, 26, 27, 24, 33, 17, 7, 14, 30, 1, 33, 20, 35, 25, 24, 3, 11, 34, 17, 6, 7, 22, 8, 29, 12, 15, 12, 24, 33]


       ‖ F_mob   R_mob
========================
R_mob  ‖ m       <       
------------------------
F_mob  ‖         m       

Vertical_support: 0.833
Indices_supporting: [1, 16, 9, 9, 24, 18, 34, 1, 25, 5, 34, 1, 14, 18, 12, 30, 30, 35, 8, 34, 30, 27, 1, 17, 26, 14, 0, 2, 15, 31, 16, 14, 23, 33, 16, 35, 29, 24, 35, 16, 18, 34, 1, 1, 9, 6, 11, 1, 2, 2, 24, 14, 6, 31, 12, 34, 10, 34, 14, 1, 5, 31, 3, 2, 33, 32, 31, 22, 7, 23, 32, 26, 25, 24, 24, 23, 35, 32, 25, 5, 1, 35, 32, 12, 24]


       ‖ S_mob
================
R_mob  ‖ m       

Vertical_support: 0.833
Indices_supporting: [8, 33, 30, 33, 13, 4, 28, 9, 28, 6, 3, 25, 0, 28, 9, 28, 34, 1, 8, 24, 13, 29, 7, 33, 1, 35, 5, 14, 18, 21, 15, 5, 20, 7, 14, 25, 22, 26, 18, 25, 15, 18, 24, 5, 14, 26, 23, 20, 7, 10, 26, 35, 9, 34, 31, 12, 11, 8, 15]


      ‖ R_wa   R_wa
=====================
F_wa  ‖ m      <      
---------------------
R_wa  ‖        <      

Vertical_support: 0.833
Indices_supporting: [23, 34, 1, 3, 0, 0, 18, 13, 22, 8, 5, 1, 1, 1, 27, 7, 31, 27, 23, 1, 6, 9, 31, 7, 24, 14, 14, 27, 27, 0, 2, 12, 27, 4, 34, 0, 26, 25, 24, 34, 27, 35, 32, 32, 15, 14, 27, 20, 34, 1, 1, 16, 2, 16, 12, 25, 35, 12, 8, 18, 6, 2, 35, 1, 23, 32, 12, 8, 18, 3, 35, 16, 13, 32, 9, 22, 0, 22, 2, 17, 14, 14, 33, 0, 1, 14, 27, 7, 14, 21]


      ‖ F_wa
==============
S_wa  ‖ m      

Vertical_support: 0.806
Indices_supporting: [4, 0, 6, 17, 9, 30, 30, 32, 28, 6, 33, 7, 3, 13, 32, 8, 33, 3, 22, 18, 30, 5, 16, 12, 29, 33, 17, 9, 2, 24, 31, 33, 23, 6, 25, 15, 31, 11, 30, 15, 23, 17, 7, 0, 26, 15, 12, 30, 16, 26, 35, 31, 33, 10, 7, 6, 35, 15, 12, 15, 4, 23, 16, 5, 0, 15, 11, 16, 8, 17, 31, 30, 26, 16, 28, 7, 16, 13, 2, 8]


       ‖ F_mob   R_wa
=======================
R_mob  ‖ m       <      
-----------------------
F_mob  ‖         <      

Vertical_support: 0.806
Indices_supporting: [23, 1, 7, 35, 32, 3, 32, 6, 22, 7, 26, 16, 27, 12, 23, 34, 14, 24, 1, 1, 17, 23, 22, 27, 10, 16, 35, 13, 2, 9, 12, 25, 5, 34, 24, 18, 34, 5, 24, 1, 1, 1, 32, 12, 7, 31, 2, 27, 4, 34, 0, 2, 23, 3, 9, 33, 32, 2, 14, 22, 32, 35, 25, 24, 5, 18, 15, 1, 8]


       ‖ F_wa   R_wa
======================
R_mob  ‖ <      <      
----------------------
F_wa   ‖        m      

Vertical_support: 0.806
Indices_supporting: [23, 1, 3, 26, 17, 13, 27, 23, 1, 34, 7, 1, 1, 27, 7, 24, 3, 32, 6, 14, 35, 32, 22, 35, 25, 5, 7, 35, 14, 14, 1, 20, 16, 2, 15, 27, 34, 9, 0, 26, 18, 8, 32, 24, 34, 1, 2, 12, 25, 27, 24, 4, 32, 12, 9, 8, 18, 0, 0, 22, 35, 1, 21, 29, 7, 16, 12, 23, 18, 9, 18, 34, 32, 14, 5, 2, 15, 27, 24]


      ‖ R_wa   F_mob
======================
F_wa  ‖ m      <       
-----------------------
R_wa  ‖        <       

Vertical_support: 0.806
Indices_supporting: [27, 1, 27, 0, 22, 2, 0, 2, 6, 25, 31, 1, 1, 34, 17, 14, 7, 1, 23, 0, 1, 24, 4, 35, 0, 6, 32, 16, 35, 14, 14, 31, 5, 1, 23, 27, 23, 24, 9, 13, 32, 3, 12, 35, 35, 29, 2, 12, 35, 22, 5, 27, 1, 27, 8, 33, 27, 5, 1, 0, 16, 32, 12, 16, 16, 15, 21, 32, 18, 31, 12, 24, 34, 24]


      ‖ F_wa   R_wa
=====================
F_wa  ‖ <      <      
---------------------
F_wa  ‖        m      

Vertical_support: 0.806
Indices_supporting: [23, 34, 1, 30, 3, 0, 0, 26, 18, 17, 13, 23, 22, 8, 1, 7, 1, 1, 27, 7, 6, 27, 2, 24, 3, 32, 6, 0, 31, 13, 22, 35, 5, 27, 27, 16, 16, 0, 2, 12, 27, 34, 0, 26, 31, 35, 32, 32, 15, 14, 11, 34, 16, 1, 1, 2, 16, 12, 25, 35, 8, 4, 12, 9, 8, 18, 6, 35, 1, 23, 32, 16, 12, 8, 18, 3, 13, 32, 9, 0, 8, 2, 18, 17, 14, 14, 0, 1, 14, 14, 15]


       ‖ S_mob
================
S_mob  ‖ <       

Vertical_support: 0.806
Indices_supporting: [33, 26, 17, 28, 8, 14, 2, 35, 14, 25, 22, 18, 24, 14, 20, 29, 26, 6, 24, 21, 23, 9, 23, 0, 28, 9, 13, 27, 27, 35, 22, 0, 15, 20, 7, 26, 21, 3, 27, 0, 17, 0, 17, 9, 35, 28, 27, 13, 7, 4, 31, 24, 4, 33, 8, 3, 25, 27, 23, 13, 28, 8, 20, 28, 3, 33, 8, 23, 14, 5, 10, 27, 22, 7, 20, 17, 22, 11]


      ‖ F_wa   F_mob
======================
R_wa  ‖ m      <       
-----------------------
F_wa  ‖        <       

Vertical_support: 0.778
Indices_supporting: [1, 18, 2, 31, 8, 1, 34, 2, 35, 14, 31, 23, 6, 16, 27, 27, 16, 32, 12, 23, 21, 18, 25, 34, 26, 16, 32, 27, 33, 14, 25, 16, 24, 18, 34, 9, 8, 27, 35, 32, 18, 24, 1, 2, 0, 32, 25, 3, 7, 1, 8, 3, 35, 14, 27, 1, 9, 22, 35, 0, 12, 5, 2, 24, 1, 31, 24, 27, 27, 25, 17, 1, 15, 14, 24, 1, 16, 12, 31, 14, 11, 27, 23, 2, 35, 25, 23, 32, 15]


       ‖ F_mob   F_mob
========================
R_mob  ‖ m       <       
------------------------
F_mob  ‖         <       

Vertical_support: 0.778
Indices_supporting: [14, 34, 14, 24, 1, 35, 2, 2, 14, 31, 31, 23, 23, 3, 16, 7, 12, 21, 12, 25, 34, 32, 5, 2, 27, 23, 32, 6, 1, 24, 4, 0, 32, 13, 34, 30, 22, 14, 16, 35, 16, 18, 17, 1, 23, 3, 31, 7, 30, 8, 35, 14, 9, 22, 35, 12, 24, 18, 17, 5, 1, 34, 27, 24, 27, 27, 2, 9, 25, 34, 1, 33, 24, 1, 16, 35, 8, 5, 23, 24, 1, 33, 9, 23, 23, 32, 24]


       ‖ S_mob   F_mob
========================
F_wa   ‖ <       <       
------------------------
S_mob  ‖         m       

Vertical_support: 0.778
Indices_supporting: [17, 27, 0, 2, 0, 18, 3, 17, 7, 15, 24, 23, 4, 1, 8, 16, 32, 26, 28, 35, 35, 14, 31, 5, 24, 23, 4, 13, 22, 12, 3, 29, 12, 30, 27, 33, 8, 27, 27, 0, 16, 23, 32, 25]


      ‖ S_wa
==============
F_wa  ‖ m      

Vertical_support: 0.778
Indices_supporting: [5, 31, 15, 27, 9, 16, 26, 13, 33, 6, 10, 2, 15, 12, 24, 26, 15, 23, 23, 30, 31, 35, 32, 0, 16, 35, 22, 26, 6, 16, 6, 25, 18, 31, 8, 32, 3, 15, 22, 11, 11, 30, 5, 13, 31, 17, 6, 28, 35, 4, 13, 15, 28, 25, 31, 28, 30, 8, 16, 33, 4, 33, 16, 22, 9, 30, 5]


       ‖ F_wa   R_wa
======================
F_mob  ‖ <      <      
----------------------
F_wa   ‖        m      

Vertical_support: 0.778
Indices_supporting: [21, 23, 1, 30, 2, 17, 13, 27, 9, 23, 22, 1, 34, 14, 1, 1, 6, 1, 24, 3, 33, 0, 32, 22, 35, 7, 35, 27, 24, 27, 16, 16, 32, 2, 0, 27, 34, 34, 9, 26, 8, 0, 35, 2, 11, 24, 1, 2, 16, 12, 25, 25, 27, 8, 9, 27, 25, 22, 2, 1, 23, 32, 7, 16, 8, 23, 3, 13, 32, 9, 0, 24, 18, 14, 1, 14, 6, 32, 14, 5, 2, 27]


       ‖ R_mob   F_mob
========================
S_mob  ‖ m       <       
------------------------
R_mob  ‖         m       

Vertical_support: 0.778
Indices_supporting: [17, 7, 7, 3, 23, 30, 27, 10, 21, 25, 6, 25, 22, 5, 18, 8, 14, 5, 26, 14, 0, 25, 15, 31, 24, 12, 14, 29, 13, 35, 0, 35, 16, 33, 6, 5, 11, 23, 15, 18, 31, 34, 23]


      ‖ F_wa   R_wa
=====================
S_wa  ‖ m      <      
---------------------
F_wa  ‖        m      

Vertical_support: 0.75
Indices_supporting: [30, 13, 29, 2, 7, 15, 22, 12, 26, 16, 35, 5, 23, 11, 17, 17, 23, 7, 35, 12, 17, 8, 18, 17, 7, 4, 8, 16, 6, 32, 16, 25, 15, 9, 15, 15, 2, 24, 3, 9, 33, 32, 0, 0, 31, 8]


      ‖ S_wa
==============
S_wa  ‖ <      

Vertical_support: 0.75
Indices_supporting: [5, 31, 26, 33, 0, 7, 9, 6, 10, 2, 13, 15, 5, 12, 22, 27, 4, 30, 15, 5, 23, 23, 30, 30, 7, 16, 31, 31, 0, 16, 23, 20, 22, 6, 28, 31, 22, 11, 31, 34, 23, 11, 30, 30, 5, 13, 30, 17, 7, 17, 6, 28, 30, 33, 4, 35, 28, 24, 33, 28, 30, 16, 33, 4, 17, 7, 4, 33, 7, 16, 29, 12, 5, 33]


      ‖ F_wa   R_wa
=====================
R_wa  ‖ m      <      
---------------------
F_wa  ‖        m      

Vertical_support: 0.75
Indices_supporting: [21, 23, 34, 1, 3, 0, 0, 18, 2, 13, 27, 9, 22, 8, 1, 34, 14, 23, 1, 1, 27, 7, 27, 1, 6, 14, 31, 35, 32, 35, 25, 14, 27, 24, 1, 14, 27, 1, 25, 2, 0, 12, 27, 34, 34, 0, 26, 5, 18, 18, 0, 9, 35, 32, 32, 2, 18, 15, 14, 1, 24, 34, 16, 1, 1, 2, 16, 12, 25, 25, 25, 35, 27, 24, 35, 32, 12, 8, 18, 31, 27, 0, 6, 25, 22, 35, 14, 25, 2, 35, 1, 21, 23, 32, 15, 12, 8, 18, 3, 13, 32, 9, 0, 24, 2, 34, 14, 14, 8, 0, 23, 1, 15, 14, 6, 32, 14, 31, 5, 2, 33, 27, 24]


      ‖ R_wa   S_wa
=====================
F_wa  ‖ m      <      
---------------------
R_wa  ‖        m      

Vertical_support: 0.75
Indices_supporting: [2, 23, 14, 14, 27, 24, 0, 35, 21, 2, 4, 23, 31, 2, 5, 7, 9, 34, 18, 27, 27, 33, 24, 17, 14, 30, 7, 1, 20, 35, 25, 3, 17, 6, 22, 8, 12, 15, 12, 33]


      ‖ R_wa   F_wa
=====================
F_wa  ‖ m      <      
---------------------
R_wa  ‖        m      

Vertical_support: 0.75
Indices_supporting: [16, 35, 35, 13, 32, 6, 25, 22, 15, 27, 8, 15, 27, 27, 23, 0, 32, 34, 12, 2, 15, 12, 14, 9, 0, 34, 15, 25, 24, 5, 14, 8, 1, 13, 25, 18, 0, 31, 24, 5, 1, 32, 16, 6, 32, 25, 18, 2, 2, 8, 7, 32, 15, 14, 25, 0, 32, 13, 9, 22, 2, 34, 26, 1, 1, 16, 32, 18, 12, 35, 17, 32, 34, 8, 0, 1, 0, 34, 23, 1, 1, 14, 9, 23, 18, 12, 14, 27, 24, 1, 35, 35, 3, 18, 14, 27, 8, 0, 17, 22, 1, 15, 1, 0, 33, 31, 6, 2, 8, 27, 35, 16, 25, 3, 35, 14]


      ‖ R_wa   R_mob
======================
F_wa  ‖ m      <       
-----------------------
R_wa  ‖        <       

Vertical_support: 0.75
Indices_supporting: [14, 18, 1, 27, 8, 1, 0, 17, 17, 32, 25, 2, 12, 2, 7, 14, 27, 21, 1, 23, 14, 23, 6, 13, 3, 26, 9, 13, 25, 12, 31, 34, 24, 5, 7, 23, 14, 0, 23, 32, 35, 16, 35, 34, 32, 12, 35, 5, 16, 15, 14, 12, 8, 1, 1, 7, 1, 34, 1, 1, 35, 32, 16, 12, 9, 16, 22, 6, 31, 8, 22, 34]


       ‖ F_mob   R_mob
========================
F_wa   ‖ <       <       
------------------------
F_mob  ‖         m       

Vertical_support: 0.75
Indices_supporting: [14, 18, 1, 23, 24, 27, 32, 1, 17, 32, 26, 16, 2, 14, 18, 2, 34, 7, 2, 21, 1, 27, 14, 23, 23, 6, 3, 26, 25, 12, 25, 15, 31, 34, 24, 23, 0, 33, 23, 16, 35, 18, 25, 34, 35, 12, 16, 12, 30, 1, 1, 0, 7, 1, 1, 30, 1, 35, 32, 16, 12, 35, 9, 16, 5, 31, 8, 2, 33]


       ‖ R_wa   F_wa
======================
F_mob  ‖ <      <      
----------------------
R_wa   ‖        m      

Vertical_support: 0.75
Indices_supporting: [1, 27, 16, 35, 13, 1, 35, 32, 3, 18, 6, 18, 22, 27, 14, 12, 22, 5, 27, 35, 24, 5, 24, 1, 0, 17, 6, 2, 35, 16, 32, 34, 21, 15, 2, 2, 27, 8, 0, 1, 1, 0, 0, 6, 34, 6, 32, 32, 31, 2, 12, 2, 14, 1, 1, 27, 9, 32, 23, 16, 13, 12, 10, 25, 25, 22, 3, 2, 18, 5, 14, 18, 26]


       ‖ R_mob   F_wa
=======================
F_mob  ‖ m       <      
-----------------------
R_mob  ‖         <      

Vertical_support: 0.75
Indices_supporting: [1, 23, 5, 16, 6, 1, 35, 17, 32, 9, 14, 5, 12, 30, 22, 24, 22, 5, 1, 7, 0, 35, 22, 18, 32, 34, 30, 31, 30, 12, 2, 27, 8, 5, 1, 33, 26, 1, 33, 23, 26, 9, 32, 32, 34, 6, 27, 31, 2, 34, 24, 12, 2, 31, 1, 23, 1, 33, 3, 9, 16, 10, 25, 18, 35, 3, 24, 14, 18, 26]


       ‖ R_mob   F_mob
========================
F_mob  ‖ m       <       
------------------------
R_mob  ‖         m       

Vertical_support: 0.75
Indices_supporting: [1, 14, 18, 14, 31, 5, 1, 34, 33, 0, 32, 0, 12, 2, 31, 23, 16, 23, 6, 16, 5, 27, 7, 32, 12, 12, 25, 34, 26, 16, 32, 2, 1, 27, 33, 23, 6, 3, 16, 1, 24, 32, 18, 34, 9, 8, 22, 16, 14, 30, 35, 16, 32, 18, 9, 8, 1, 23, 22, 32, 33, 31, 30, 35, 14, 1, 9, 35, 24, 2, 18, 17, 5, 1, 32, 34, 24, 27, 2, 9, 25, 34, 1, 33, 14, 24, 32, 12, 35, 34, 11, 27, 2, 35, 30, 24, 1, 23, 9, 24]


       ‖ R_mob   R_wa
=======================
F_mob  ‖ m       <      
-----------------------
R_mob  ‖         <      

Vertical_support: 0.75
Indices_supporting: [21, 1, 23, 30, 0, 32, 22, 35, 16, 34, 23, 11, 25, 24, 14, 27, 1, 1, 22, 23, 16, 9, 35, 7, 12, 35, 5, 1, 24, 34, 22, 18, 34, 24, 27, 1, 1, 12, 16, 16, 32, 6, 32, 31, 9, 2, 0, 27, 1, 24, 23, 34, 14, 9, 33, 2, 7, 27, 2, 4, 3, 25, 26, 25, 24, 5, 9, 5, 34, 1]


       ‖ R_mob   F_wa
=======================
S_mob  ‖ m       <      
-----------------------
R_mob  ‖         <      

Vertical_support: 0.75
Indices_supporting: [12, 14, 0, 24, 13, 22, 23, 27, 28, 26, 29, 23, 21, 7, 7, 3, 35, 25, 8, 10, 33, 14, 23, 26, 33, 14, 24, 35, 6, 9, 20, 28, 18, 25, 15, 22, 31, 11, 30, 26]


       ‖ F_mob   R_mob
========================
R_wa   ‖ <       <       
------------------------
F_mob  ‖         m       

Vertical_support: 0.722
Indices_supporting: [14, 30, 1, 27, 1, 32, 2, 24, 31, 2, 2, 2, 24, 21, 1, 33, 27, 14, 23, 25, 6, 31, 12, 25, 31, 5, 9, 14, 5, 1, 24, 23, 23, 0, 35, 23, 16, 2, 35, 34, 25, 24, 35, 16, 12, 33, 14, 30, 34, 1, 7, 1, 1, 1, 26, 35, 16, 12, 11, 6, 24, 31, 22, 8, 3, 2]


      ‖ F_wa   F_wa
=====================
R_wa  ‖ m      <      
---------------------
F_wa  ‖        <      

Vertical_support: 0.722
Indices_supporting: [4, 16, 35, 6, 8, 27, 28, 6, 27, 27, 0, 3, 13, 32, 32, 34, 2, 12, 14, 0, 25, 24, 5, 22, 14, 5, 1, 13, 0, 31, 24, 5, 16, 32, 1, 32, 12, 17, 2, 15, 25, 24, 31, 32, 0, 13, 6, 25, 22, 2, 31, 1, 1, 32, 18, 15, 12, 23, 35, 34, 12, 16, 1, 35, 31, 1, 1, 14, 6, 23, 35, 18, 14, 27, 24, 35, 5, 3, 18, 15, 14, 11, 27, 16, 8, 0, 31, 1, 1, 0, 8, 27, 25, 35, 14]


       ‖ F_mob   F_wa
=======================
R_mob  ‖ m       <      
-----------------------
F_mob  ‖         <      

Vertical_support: 0.722
Indices_supporting: [30, 24, 5, 1, 24, 1, 17, 25, 35, 13, 3, 18, 18, 11, 14, 22, 12, 30, 16, 23, 27, 24, 24, 5, 1, 32, 32, 22, 30, 6, 31, 34, 12, 2, 1, 27, 5, 1, 7, 31, 3, 32, 34, 9, 31, 14, 2, 34, 24, 8, 33, 23, 1, 1, 14, 27, 16, 23, 25, 9, 35, 2, 22, 14, 18]


       ‖ S_mob   F_mob
========================
R_mob  ‖ <       <       
------------------------
S_mob  ‖         m       

Vertical_support: 0.722
Indices_supporting: [27, 5, 3, 34, 7, 24, 27, 23, 1, 8, 16, 32, 28, 35, 2, 8, 14, 5, 31, 23, 4, 0, 13, 22, 3, 12, 30, 33, 9, 23, 32, 21, 27, 17]


       ‖ R_wa   F_wa
======================
R_mob  ‖ <      <      
----------------------
R_wa   ‖        m      

Vertical_support: 0.722
Indices_supporting: [1, 24, 1, 35, 1, 16, 13, 3, 18, 32, 18, 25, 14, 22, 18, 12, 22, 27, 24, 24, 5, 1, 0, 25, 22, 35, 34, 1, 27, 1, 4, 15, 7, 0, 1, 32, 31, 32, 6, 34, 12, 9, 31, 2, 25, 34, 23, 14, 1, 1, 26, 27, 24, 14, 9, 23, 16, 28, 25, 2, 25, 5, 14]


       ‖ S_mob   F_mob
========================
F_mob  ‖ m       <       
------------------------
S_mob  ‖         m       

Vertical_support: 0.722
Indices_supporting: [24, 17, 27, 0, 6, 2, 0, 5, 6, 34, 17, 7, 15, 24, 27, 23, 4, 8, 16, 32, 25, 3, 35, 2, 35, 18, 8, 14, 5, 27, 9, 23, 4, 0, 13, 22, 3, 12, 27, 2, 27, 33, 0, 16, 23, 9, 32, 21, 32, 3, 27, 17]


      ‖ R_wa   F_wa
=====================
S_wa  ‖ <      <      
---------------------
R_wa  ‖        m      

Vertical_support: 0.694
Indices_supporting: [12, 24, 35, 16, 13, 32, 18, 6, 22, 22, 15, 24, 17, 15, 27, 2, 15, 23, 8, 0, 7, 1, 8, 6, 12, 31, 5, 27, 1, 14, 9, 9, 35, 16, 28, 25, 22, 2, 5, 26]


      ‖ R_wa   F_wa
=====================
S_wa  ‖ m      <      
---------------------
R_wa  ‖        m      

Vertical_support: 0.694
Indices_supporting: [24, 22, 5, 22, 27, 27, 24, 11, 25, 6, 2, 35, 25, 34, 35, 34, 21, 1, 4, 21, 23, 32, 6, 9, 31, 31, 1, 14, 5, 2, 14, 13, 27, 24, 14, 26, 28, 25, 31, 12, 25, 10, 28, 2, 14, 18, 27, 15]


      ‖ F_wa   R_mob
======================
R_wa  ‖ m      <       
-----------------------
F_wa  ‖        <       

Vertical_support: 0.694
Indices_supporting: [14, 1, 27, 27, 1, 0, 32, 35, 22, 2, 24, 2, 27, 2, 24, 1, 27, 14, 23, 25, 13, 0, 13, 32, 22, 12, 31, 25, 5, 9, 9, 18, 31, 28, 5, 14, 1, 23, 14, 35, 16, 2, 35, 25, 25, 24, 35, 18, 31, 15, 14, 3, 18, 8, 1, 7, 1, 34, 14, 1, 16, 35, 13, 12, 9, 16, 6, 22, 24, 31, 28, 8, 15, 22, 2, 8]


       ‖ R_mob   F_mob
========================
R_wa   ‖ <       <       
------------------------
R_mob  ‖         m       

Vertical_support: 0.694
Indices_supporting: [27, 1, 1, 26, 23, 16, 32, 22, 32, 18, 25, 1, 5, 14, 14, 1, 8, 24, 5, 27, 33, 14, 12, 35, 23, 25, 35, 16, 2, 31, 14, 1, 23, 34, 1, 14, 27, 24, 11, 9, 23, 32, 6, 35, 16, 18, 2, 34, 35, 24, 5, 9, 5, 24, 17, 27, 14, 7, 1, 23, 34, 32, 35, 23, 12, 16, 15, 18, 34, 12, 18, 25, 24, 31, 34, 24]


      ‖ R_wa   F_wa
=====================
R_wa  ‖ <      <      
---------------------
R_wa  ‖        m      

Vertical_support: 0.694
Indices_supporting: [16, 35, 6, 27, 8, 11, 27, 27, 0, 32, 34, 2, 12, 14, 0, 25, 24, 5, 18, 14, 1, 13, 0, 31, 22, 27, 24, 5, 1, 32, 16, 32, 34, 15, 25, 5, 0, 32, 13, 22, 2, 2, 1, 24, 1, 32, 18, 12, 27, 35, 21, 34, 1, 1, 9, 14, 1, 1, 14, 23, 18, 14, 27, 24, 35, 3, 18, 14, 27, 24, 0, 35, 1, 1, 0, 6, 8, 14, 27, 27, 25, 25, 35, 14]


       ‖ F_mob   S_mob
========================
R_mob  ‖ m       <       
------------------------
F_mob  ‖         m       

Vertical_support: 0.694
Indices_supporting: [23, 4, 7, 33, 23, 12, 32, 8, 14, 14, 33, 32, 35, 7, 9, 23, 0, 18, 2, 5, 0, 34, 22, 3, 25, 13, 9, 6, 22, 21, 24, 27, 17, 27, 23, 8, 16, 32, 0, 5]


       ‖ F_wa   R_mob
=======================
R_mob  ‖ <      <       
-----------------------
F_wa   ‖        <       

Vertical_support: 0.694
Indices_supporting: [27, 26, 24, 31, 2, 7, 0, 23, 9, 25, 28, 18, 24, 14, 35, 29, 24, 10, 15, 8, 7, 1, 34, 1, 12, 5, 9, 6, 22, 31, 16, 8, 14, 2]


       ‖ R_mob   F_mob
========================
R_mob  ‖ <       <       
------------------------
R_mob  ‖         m       

Vertical_support: 0.694
Indices_supporting: [27, 1, 7, 7, 14, 23, 32, 2, 6, 9, 18, 25, 14, 31, 2, 34, 1, 33, 8, 1, 24, 5, 30, 26, 35, 6, 25, 35, 2, 24, 31, 14, 1, 23, 14, 24, 9, 32, 23, 35, 16, 34, 24, 5, 18, 24, 17, 22, 1, 16, 5, 14, 30, 1, 7, 23, 12, 35, 16, 15, 23, 18, 34, 12, 18, 25, 24, 34, 24]


      ‖ R_wa   S_wa
=====================
F_wa  ‖ m      <      
---------------------
R_wa  ‖        <      

Vertical_support: 0.694
Indices_supporting: [31, 5, 15, 14, 27, 16, 2, 12, 24, 23, 35, 7, 16, 29, 0, 35, 25, 16, 31, 9, 22, 22, 34, 17, 33, 13, 25, 25, 31, 11, 30, 4, 7, 6, 22, 12, 5]


      ‖ R_wa   S_mob
======================
F_wa  ‖ m      <       
-----------------------
R_wa  ‖        <       

Vertical_support: 0.694
Indices_supporting: [8, 23, 33, 13, 7, 33, 12, 32, 17, 8, 4, 13, 8, 1, 7, 2, 2, 5, 0, 3, 27, 14, 22, 3, 25, 18, 16, 5, 3, 18, 27, 24, 14, 15, 0, 27, 20, 7, 13, 29, 17, 9, 0, 12, 15]


      ‖ S_wa   F_wa
=====================
F_wa  ‖ m      <      
---------------------
S_wa  ‖        m      

Vertical_support: 0.694
Indices_supporting: [4, 5, 16, 5, 9, 16, 15, 11, 15, 30, 16, 8, 0, 28, 6, 31, 30, 15, 30, 33, 26, 16, 26, 17, 3, 9, 35, 13, 32, 28, 2, 31, 24, 31, 33, 23, 16, 13, 6, 35, 6, 15, 25, 8, 22, 18, 15]


       ‖ R_mob   F_mob
========================
F_wa   ‖ <       <       
------------------------
R_mob  ‖         m       

Vertical_support: 0.694
Indices_supporting: [27, 1, 7, 14, 23, 16, 22, 2, 6, 5, 25, 33, 31, 31, 18, 34, 33, 8, 1, 1, 14, 27, 33, 24, 26, 32, 14, 32, 35, 0, 12, 12, 14, 31, 1, 23, 16, 24, 9, 32, 35, 16, 2, 35, 35, 33, 24, 34, 5, 6, 22, 1, 27, 16, 5, 30, 1, 12, 35, 16, 15, 18, 12, 24, 9, 9, 34, 24]


       ‖ S_mob   R_wa
=======================
F_mob  ‖ m       <      
-----------------------
S_mob  ‖         <      

Vertical_support: 0.694
Indices_supporting: [23, 23, 24, 7, 27, 35, 22, 12, 2, 20, 26, 17, 13, 27, 3, 13, 33, 22, 16, 6, 24, 2, 8, 14, 33, 5, 27, 25, 32, 5, 23, 4, 27, 34, 6, 32, 22, 35, 0, 21, 24, 27, 2, 27, 8]


       ‖ R_mob   S_mob
========================
F_mob  ‖ m       <       
------------------------
R_mob  ‖         m       

Vertical_support: 0.694
Indices_supporting: [33, 30, 4, 9, 6, 3, 0, 1, 33, 29, 7, 1, 5, 21, 5, 14, 25, 25, 15, 18, 15, 24, 26, 23, 7, 35, 10, 31, 12, 8, 34]


       ‖ R_wa   F_wa
======================
S_mob  ‖ <      <      
----------------------
R_wa   ‖        m      

Vertical_support: 0.694
Indices_supporting: [27, 24, 35, 13, 35, 6, 22, 22, 27, 5, 27, 27, 8, 24, 35, 17, 21, 1, 4, 23, 0, 8, 7, 1, 0, 6, 12, 15, 25, 5, 14, 23, 14, 27, 24, 26, 35, 23, 32, 13, 12, 9, 18, 28, 22, 2, 35, 27]


       ‖ F_mob   R_mob
========================
S_mob  ‖ m       <       
------------------------
F_mob  ‖         m       

Vertical_support: 0.694
Indices_supporting: [14, 18, 23, 27, 24, 32, 25, 2, 8, 12, 5, 2, 21, 33, 27, 23, 3, 32, 25, 9, 9, 5, 1, 0, 9, 23, 2, 35, 18, 12, 33, 34, 30, 4, 7, 33, 0, 7, 1, 26, 16, 32, 16, 15, 8]


       ‖ S_mob   F_mob
========================
R_wa   ‖ <       <       
------------------------
S_mob  ‖         m       

Vertical_support: 0.667
Indices_supporting: [24, 27, 2, 0, 5, 6, 3, 33, 17, 7, 15, 24, 27, 1, 4, 1, 20, 8, 16, 3, 9, 2, 35, 8, 21, 14, 5, 27, 23, 22, 12, 3, 12, 27, 33, 8, 27, 27, 0, 16, 23, 32, 21, 3, 27]


      ‖ F_wa   R_wa
=====================
R_wa  ‖ <      <      
---------------------
F_wa  ‖        m      

Vertical_support: 0.667
Indices_supporting: [23, 29, 0, 7, 2, 22, 12, 35, 16, 5, 23, 11, 17, 27, 9, 13, 32, 2, 16, 7, 12, 0, 25, 35, 27, 8, 1, 2, 17, 14, 4, 1, 1, 27, 1, 20, 16, 2, 27, 24, 14, 3, 0, 14, 22, 3, 14, 5, 2, 8]


       ‖ F_wa   F_wa
======================
R_mob  ‖ <      <      
----------------------
F_wa   ‖        <      

Vertical_support: 0.667
Indices_supporting: [30, 5, 35, 1, 16, 3, 18, 18, 14, 11, 15, 12, 30, 8, 24, 5, 6, 31, 30, 12, 27, 1, 7, 26, 34, 2, 24, 1, 9, 23, 16, 25, 25, 22]


      ‖ F_wa   F_wa
=====================
F_wa  ‖ <      <      
---------------------
F_wa  ‖        <      

Vertical_support: 0.667
Indices_supporting: [5, 13, 35, 1, 32, 13, 5, 27, 15, 30, 16, 35, 24, 0, 1, 6, 31, 15, 27, 8, 1, 0, 16, 7, 1, 0, 17, 26, 28, 6, 2, 24, 14, 31, 3, 16, 6, 23, 13, 0, 25, 15, 22, 14, 26]


       ‖ F_mob   S_mob
========================
F_mob  ‖ <       <       
------------------------
F_mob  ‖         m       

Vertical_support: 0.667
Indices_supporting: [33, 23, 31, 12, 32, 17, 4, 27, 33, 14, 32, 9, 2, 8, 10, 34, 35, 3, 27, 3, 22, 9, 22, 3, 22, 27, 24, 17, 17, 0, 16, 29, 13, 17, 0, 32, 6, 24, 5, 27]


       ‖ R_mob   R_mob
========================
F_mob  ‖ m       <       
------------------------
R_mob  ‖         <       

Vertical_support: 0.667
Indices_supporting: [1, 35, 8, 34, 27, 1, 32, 26, 16, 6, 9, 25, 24, 31, 18, 2, 34, 2, 14, 24, 4, 1, 33, 23, 23, 14, 32, 26, 25, 12, 2, 5, 24, 14, 1, 23, 23, 35, 9, 18, 25, 5, 16, 22, 24, 14, 5, 30, 34, 1, 1, 1, 26, 30, 1, 35, 12, 35, 9, 24, 31, 2, 33, 7]


       ‖ F_wa   R_wa
======================
S_mob  ‖ <      <      
----------------------
F_wa   ‖        m      

Vertical_support: 0.667
Indices_supporting: [23, 18, 34, 23, 13, 0, 35, 12, 18, 15, 5, 1, 17, 3, 23, 13, 22, 16, 8, 14, 35, 24, 2, 27, 7, 8, 1, 27, 7, 16, 32, 9, 27, 12, 18, 27, 34, 15, 3, 6, 24, 6, 6, 22, 0, 3, 26, 14, 0, 15, 27, 14]


      ‖ F_wa   F_wa
=====================
S_wa  ‖ m      <      
---------------------
F_wa  ‖        <      

Vertical_support: 0.639
Indices_supporting: [30, 12, 16, 35, 16, 32, 13, 0, 18, 16, 22, 30, 30, 15, 26, 0, 17, 6, 31, 30, 15, 30, 2, 8, 23, 15, 0, 7, 8, 26, 28, 6, 12, 31, 33, 23, 3, 9, 9, 7, 16, 16, 28, 35, 15, 24, 15]


       ‖ S_mob   F_mob
========================
S_wa   ‖ <       <       
------------------------
S_mob  ‖         m       

Vertical_support: 0.639
Indices_supporting: [24, 17, 2, 6, 3, 34, 33, 7, 27, 4, 20, 16, 20, 25, 28, 32, 2, 21, 5, 31, 10, 4, 0, 13, 12, 12, 30, 25, 0, 3, 27, 17]


      ‖ S_wa   F_mob
======================
R_wa  ‖ m      <       
-----------------------
S_wa  ‖        <       

Vertical_support: 0.639
Indices_supporting: [1, 33, 30, 22, 27, 24, 6, 33, 14, 5, 27, 5, 4, 30, 20, 2, 18, 5, 31, 34, 9, 23, 12, 12, 9, 27, 24, 14, 7, 11, 0, 23, 25, 34, 3, 27]


       ‖ F_mob   S_mob
========================
R_wa   ‖ <       <       
------------------------
F_mob  ‖         m       

Vertical_support: 0.639
Indices_supporting: [4, 20, 26, 12, 32, 27, 14, 14, 9, 23, 2, 2, 5, 8, 0, 27, 34, 35, 21, 3, 22, 22, 27, 27, 17, 16, 20, 29, 0, 13, 6, 5, 27]


      ‖ S_wa   F_wa
=====================
R_wa  ‖ <      <      
---------------------
S_wa  ‖        m      

Vertical_support: 0.639
Indices_supporting: [4, 5, 5, 15, 11, 15, 16, 23, 8, 7, 0, 28, 6, 31, 12, 30, 12, 16, 17, 3, 35, 31, 32, 13, 2, 31, 24, 31, 23, 6, 35, 25, 6, 22, 30]


      ‖ F_wa   S_wa
=====================
R_wa  ‖ m      <      
---------------------
F_wa  ‖        m      

Vertical_support: 0.639
Indices_supporting: [5, 15, 27, 9, 16, 13, 2, 24, 31, 23, 35, 32, 35, 22, 26, 16, 6, 6, 25, 18, 32, 8, 22, 15, 3, 11, 17, 35, 13, 15, 25, 31, 28, 8, 4, 22, 9, 5]


      ‖ F_wa   S_wa
=====================
R_wa  ‖ m      <      
---------------------
F_wa  ‖        <      

Vertical_support: 0.639
Indices_supporting: [2, 23, 14, 14, 27, 27, 16, 24, 21, 2, 15, 31, 35, 7, 35, 25, 32, 31, 9, 28, 34, 22, 27, 27, 24, 5, 6, 1, 28, 13, 35, 25, 31, 3, 6, 22, 12, 12, 15, 12]


       ‖ F_mob   S_wa
=======================
R_mob  ‖ m       <      
-----------------------
F_mob  ‖         <      

Vertical_support: 0.639
Indices_supporting: [31, 5, 5, 23, 24, 0, 9, 24, 4, 21, 23, 5, 23, 30, 7, 16, 32, 23, 16, 32, 18, 9, 34, 30, 11, 27, 33, 30, 14, 25, 6, 7, 16, 22, 12, 15, 12, 33]


       ‖ F_wa   F_mob
=======================
R_mob  ‖ <      <       
-----------------------
F_wa   ‖        <       

Vertical_support: 0.639
Indices_supporting: [27, 27, 7, 7, 1, 32, 3, 9, 18, 7, 1, 1, 24, 1, 16, 2, 31, 23, 14, 4, 0, 9, 23, 22, 30, 25, 7, 30, 5, 23, 12, 15, 21, 18, 25, 17, 23]


       ‖ S_mob   F_wa
=======================
R_mob  ‖ m       <      
-----------------------
S_mob  ‖         <      

Vertical_support: 0.639
Indices_supporting: [1, 5, 13, 9, 25, 22, 18, 15, 30, 35, 30, 1, 18, 4, 7, 35, 6, 12, 25, 33, 8, 14, 33, 24, 23, 3, 9, 7, 28, 10, 25, 26]


      ‖ R_wa   F_wa
=====================
F_wa  ‖ m      <      
---------------------
R_wa  ‖        <      

Vertical_support: 0.639
Indices_supporting: [5, 13, 1, 6, 32, 35, 5, 0, 27, 15, 30, 16, 23, 35, 1, 0, 17, 7, 21, 12, 1, 12, 1, 27, 16, 1, 0, 17, 7, 31, 2, 14, 14, 24, 31, 3, 23, 13, 3, 0, 25, 25, 2, 22, 14]


      ‖ R_wa   F_wa   R_wa
============================
F_wa  ‖ m      <      <      
----------------------------
R_wa  ‖        m      <      
----------------------------
F_wa  ‖               m      

Vertical_support: 0.639
Indices_supporting: [23, 34, 1, 23, 32, 3, 35, 32, 32, 0, 0, 12, 18, 8, 15, 14, 18, 34, 16, 1, 1, 13, 3, 13, 32, 22, 2, 16, 9, 12, 25, 0, 8, 35, 27, 1, 2, 14, 14, 1, 27, 1, 27, 12, 0, 7, 0, 27, 8, 2, 12, 18, 27, 34, 1, 14, 0, 6, 6, 14, 26, 35, 1, 31]


      ‖ R_wa   F_wa
=====================
F_wa  ‖ <      <      
---------------------
R_wa  ‖        m      

Vertical_support: 0.639
Indices_supporting: [13, 1, 35, 32, 13, 22, 27, 35, 1, 0, 6, 35, 21, 1, 15, 4, 1, 8, 27, 0, 7, 1, 0, 32, 6, 27, 31, 14, 14, 26, 16, 23, 13, 12, 0, 25, 28, 2, 24, 14, 26]


       ‖ S_wa   R_wa
======================
F_mob  ‖ <      <      
----------------------
S_wa   ‖        m      

Vertical_support: 0.639
Indices_supporting: [24, 7, 27, 31, 12, 27, 14, 20, 26, 34, 22, 16, 35, 9, 6, 5, 22, 33, 32, 31, 5, 4, 23, 4, 27, 7, 2, 25, 24, 21, 18, 27]


      ‖ F_wa   R_wa
=====================
S_wa  ‖ <      <      
---------------------
F_wa  ‖        m      

Vertical_support: 0.611
Indices_supporting: [21, 26, 15, 12, 25, 18, 24, 2, 16, 13, 27, 9, 9, 25, 25, 14, 34, 24, 27, 1, 1, 7, 6, 31, 27, 34, 6, 24, 32, 22, 26, 0, 14, 5, 2, 5, 15, 2, 27, 14]


       ‖ R_mob   F_mob
========================
S_wa   ‖ <       <       
------------------------
R_mob  ‖         m       

Vertical_support: 0.611
Indices_supporting: [17, 1, 7, 30, 22, 27, 21, 6, 9, 31, 33, 5, 1, 33, 5, 30, 24, 26, 14, 32, 23, 24, 12, 34, 29, 16, 23, 6, 33, 9, 24, 16, 5, 30, 23, 31, 25]


      ‖ S_wa   R_wa
=====================
R_wa  ‖ m      <      
---------------------
S_wa  ‖        m      

Vertical_support: 0.611
Indices_supporting: [24, 7, 27, 14, 34, 27, 34, 14, 14, 20, 22, 35, 22, 5, 6, 5, 11, 22, 24, 33, 30, 27, 18, 15, 9, 5, 4, 24, 23, 27, 7, 1, 2, 2, 25, 24, 21, 9, 34]


      ‖ F_wa   S_mob
======================
R_wa  ‖ m      <       
-----------------------
F_wa  ‖        <       

Vertical_support: 0.611
Indices_supporting: [8, 4, 13, 28, 9, 12, 3, 32, 17, 8, 13, 27, 14, 1, 13, 9, 23, 22, 2, 15, 2, 0, 27, 35, 14, 22, 25, 22, 22, 21, 3, 27, 15, 17, 23, 8, 16, 13, 28, 27, 34]


      ‖ F_wa   R_wa   F_wa
============================
R_wa  ‖ m      <      <      
----------------------------
F_wa  ‖        m      <      
----------------------------
R_wa  ‖               m      

Vertical_support: 0.611
Indices_supporting: [14, 1, 27, 24, 16, 1, 35, 13, 1, 35, 32, 3, 0, 18, 6, 14, 31, 18, 27, 12, 27, 8, 35, 24, 5, 1, 0, 32, 16, 32, 34, 27, 1, 27, 0, 1, 1, 0, 32, 34, 15, 2, 25, 8, 14, 12, 1, 1, 27, 14, 0, 23, 32, 13, 0, 18, 25, 22, 2, 35, 25, 5, 14, 14]


       ‖ F_mob   R_mob   F_mob
================================
R_mob  ‖ m       <       <       
--------------------------------
F_mob  ‖         m       <       
--------------------------------
R_mob  ‖                 m       

Vertical_support: 0.611
Indices_supporting: [27, 1, 14, 23, 32, 2, 9, 25, 14, 31, 2, 34, 1, 33, 1, 24, 30, 35, 6, 35, 2, 31, 14, 1, 24, 9, 23, 32, 35, 16, 34, 24, 18, 24, 17, 22, 1, 16, 5, 14, 7, 1, 23, 12, 35, 16, 34, 12, 18, 25, 24, 34, 24]


       ‖ F_mob   S_mob   F_mob
================================
R_mob  ‖ m       <       <       
--------------------------------
F_mob  ‖         m       <       
--------------------------------
S_mob  ‖                 m       

Vertical_support: 0.611
Indices_supporting: [5, 34, 7, 24, 27, 23, 8, 16, 32, 35, 2, 8, 5, 14, 23, 4, 0, 13, 22, 3, 12, 33, 9, 23, 32, 21, 27, 17]


       ‖ S_wa   F_wa
======================
R_mob  ‖ <      <      
----------------------
S_wa   ‖        m      

Vertical_support: 0.611
Indices_supporting: [30, 5, 15, 11, 15, 30, 30, 16, 23, 8, 32, 28, 26, 6, 31, 30, 29, 30, 12, 26, 7, 3, 35, 32, 24, 33, 8, 33, 16, 7, 6, 35, 25, 15, 2, 22, 11, 30]


       ‖ F_mob   S_mob
========================
F_wa   ‖ <       <       
------------------------
F_mob  ‖         m       

Vertical_support: 0.611
Indices_supporting: [23, 7, 33, 31, 32, 17, 4, 8, 33, 32, 35, 7, 9, 23, 2, 3, 27, 22, 3, 25, 13, 6, 22, 27, 24, 17, 0, 27, 16, 29, 13, 17, 32, 5]


      ‖ F_wa   R_mob
======================
F_wa  ‖ <      <       
-----------------------
F_wa  ‖        <       

Vertical_support: 0.611
Indices_supporting: [27, 1, 0, 26, 16, 6, 28, 2, 27, 2, 1, 14, 23, 13, 13, 15, 24, 5, 23, 16, 35, 6, 35, 15, 12, 8, 7, 1, 34, 26, 1, 35, 5, 9, 6, 16, 31, 8, 22]


      ‖ S_wa   F_mob
======================
F_wa  ‖ m      <       
-----------------------
S_wa  ‖        <       

Vertical_support: 0.611
Indices_supporting: [0, 16, 5, 3, 2, 31, 17, 27, 24, 26, 16, 26, 32, 32, 12, 31, 31, 11, 16, 4, 13, 13, 6, 22, 16, 16, 6, 33, 5, 30, 35, 16, 5, 30, 35, 15, 25]


       ‖ R_wa   R_wa
======================
F_mob  ‖ <      <      
----------------------
R_wa   ‖        <      

Vertical_support: 0.611
Indices_supporting: [21, 1, 23, 27, 2, 20, 22, 3, 13, 32, 9, 16, 12, 25, 27, 1, 34, 24, 33, 1, 27, 0, 5, 27, 2, 23, 14, 7, 22, 26, 5, 9, 34]


       ‖ F_mob   R_mob
========================
F_mob  ‖ <       <       
------------------------
F_mob  ‖         m       

Vertical_support: 0.611
Indices_supporting: [14, 23, 1, 27, 32, 1, 32, 26, 16, 2, 9, 24, 31, 18, 2, 34, 2, 24, 21, 1, 33, 27, 14, 23, 23, 32, 26, 25, 32, 12, 2, 5, 9, 24, 14, 1, 23, 23, 35, 23, 2, 35, 18, 16, 12, 34, 14, 5, 30, 34, 1, 1, 0, 7, 1, 30, 1, 35, 16, 12, 35, 32, 16, 24, 31, 9, 2, 33]


       ‖ R_mob   R_mob
========================
S_mob  ‖ m       <       
------------------------
R_mob  ‖         <       

Vertical_support: 0.611
Indices_supporting: [17, 35, 22, 28, 22, 7, 14, 6, 26, 9, 13, 15, 31, 24, 33, 23, 34, 24, 12, 3, 18, 8, 30, 5, 6, 28, 8, 14]


      ‖ F_wa   S_mob
======================
S_wa  ‖ m      <       
-----------------------
F_wa  ‖        <       

Vertical_support: 0.583
Indices_supporting: [23, 4, 30, 7, 6, 28, 9, 17, 4, 30, 29, 35, 7, 8, 13, 16, 5, 22, 15, 18, 0, 23, 26, 16, 17, 0, 32, 9, 31, 28, 8, 15]


      ‖ F_wa   R_wa
=====================
R_wa  ‖ m      <      
---------------------
F_wa  ‖        <      

Vertical_support: 0.583
Indices_supporting: [23, 14, 0, 22, 35, 16, 5, 11, 27, 34, 23, 17, 35, 13, 32, 2, 16, 22, 12, 0, 35, 27, 8, 1, 2, 14, 4, 1, 27, 1, 16, 32, 22, 22, 2, 27, 24, 14, 27, 3, 1, 0, 14, 2, 9, 27]


      ‖ R_wa   S_wa
=====================
R_wa  ‖ <      <      
---------------------
R_wa  ‖        m      

Vertical_support: 0.583
Indices_supporting: [2, 23, 14, 14, 27, 9, 22, 21, 2, 23, 30, 31, 7, 20, 9, 34, 22, 34, 27, 27, 24, 33, 1, 35, 25, 24, 3, 7, 6, 22, 12, 15, 12]


       ‖ F_mob   R_mob
========================
R_mob  ‖ <       <       
------------------------
F_mob  ‖         m       

Vertical_support: 0.583
Indices_supporting: [14, 18, 32, 24, 31, 2, 12, 34, 7, 33, 23, 6, 3, 26, 25, 25, 24, 9, 23, 24, 16, 33, 34, 14, 30, 1, 7, 1, 1, 26, 12, 5, 16, 8, 2]


      ‖ F_wa   F_mob
======================
F_wa  ‖ <      <       
-----------------------
F_wa  ‖        <       

Vertical_support: 0.583
Indices_supporting: [1, 7, 0, 0, 3, 5, 31, 17, 7, 1, 14, 24, 1, 26, 16, 32, 23, 16, 4, 13, 35, 35, 35, 33, 30, 5, 27, 16, 30, 27, 5, 1, 16, 32, 12, 15, 32]


      ‖ S_wa   R_wa
=====================
F_wa  ‖ m      <      
---------------------
S_wa  ‖        <      

Vertical_support: 0.583
Indices_supporting: [13, 6, 22, 26, 16, 35, 5, 11, 17, 23, 5, 8, 18, 8, 4, 16, 16, 6, 9, 2, 4, 24, 3, 32, 31, 0, 15]


      ‖ S_wa   F_wa   R_wa
============================
F_wa  ‖ m      <      <      
----------------------------
S_wa  ‖        m      <      
----------------------------
F_wa  ‖               m      

Vertical_support: 0.583
Indices_supporting: [13, 22, 26, 16, 35, 5, 11, 17, 23, 8, 18, 8, 4, 16, 16, 6, 15, 9, 2, 24, 3, 32, 0, 31]


       ‖ R_mob   F_wa
=======================
F_wa   ‖ <       <      
-----------------------
R_mob  ‖         <      

Vertical_support: 0.583
Indices_supporting: [14, 12, 5, 13, 1, 9, 22, 30, 26, 22, 1, 7, 35, 22, 8, 7, 33, 1, 9, 6, 24, 31, 33, 3, 16, 6, 25, 35, 15, 24, 27]


       ‖ S_mob   S_wa
=======================
F_mob  ‖ m       <      
-----------------------
S_mob  ‖         <      

Vertical_support: 0.583
Indices_supporting: [5, 2, 0, 5, 12, 4, 26, 23, 7, 0, 16, 32, 6, 15, 11, 23, 27, 24, 13, 17, 13, 20, 4, 17, 22, 9, 33]


       ‖ F_mob   F_wa
=======================
F_mob  ‖ <       <      
-----------------------
F_mob  ‖         <      

Vertical_support: 0.583
Indices_supporting: [27, 35, 35, 0, 22, 14, 22, 24, 35, 22, 1, 0, 32, 34, 31, 21, 2, 27, 16, 17, 1, 32, 6, 31, 2, 1, 23, 32, 23, 16, 13, 12, 25, 5, 14, 18]


       ‖ S_mob   F_mob
========================
F_mob  ‖ <       <       
------------------------
S_mob  ‖         m       

Vertical_support: 0.583
Indices_supporting: [27, 6, 3, 17, 24, 4, 1, 16, 32, 35, 5, 21, 31, 10, 27, 22, 29, 12, 30, 27, 33, 27, 0, 9]


       ‖ R_mob   F_mob
========================
F_mob  ‖ m       <       
------------------------
R_mob  ‖         <       

Vertical_support: 0.583
Indices_supporting: [7, 2, 3, 34, 1, 24, 1, 26, 16, 32, 5, 31, 21, 10, 1, 23, 22, 29, 12, 5, 24, 30, 1, 33, 16, 14, 1, 9, 16, 12, 24, 24]


       ‖ R_wa
===============
F_mob  ‖ m      

Vertical_support: 0.583
Indices_supporting: [33, 34, 21, 23, 29, 35, 32, 16, 34, 1, 27, 22, 17, 1, 24, 27, 24, 9, 31, 4, 15, 24, 7, 6, 2, 26, 35, 27]


       ‖ R_mob   S_wa
=======================
S_mob  ‖ m       <      
-----------------------
R_mob  ‖         <      

Vertical_support: 0.583
Indices_supporting: [31, 23, 5, 33, 0, 10, 15, 5, 30, 16, 22, 25, 6, 3, 11, 26, 33, 7, 6, 28, 35, 13, 28, 6, 8, 29, 15]


       ‖ F_wa   F_wa
======================
S_mob  ‖ <      <      
----------------------
F_wa   ‖        <      

Vertical_support: 0.583
Indices_supporting: [27, 24, 13, 35, 27, 0, 28, 30, 23, 0, 7, 8, 16, 1, 17, 3, 35, 13, 31, 27, 23, 35, 9, 6, 25, 15, 22, 18]


       ‖ S_wa   F_wa
======================
S_mob  ‖ <      <      
----------------------
S_wa   ‖        m      

Vertical_support: 0.583
Indices_supporting: [9, 0, 16, 23, 17, 7, 0, 32, 28, 26, 30, 29, 26, 16, 17, 7, 28, 3, 7, 35, 13, 8, 33, 31, 23, 6, 13, 25, 15, 31, 11, 30]


       ‖ F_mob   F_wa
=======================
S_mob  ‖ m       <      
-----------------------
F_mob  ‖         <      

Vertical_support: 0.583
Indices_supporting: [27, 35, 13, 9, 0, 22, 5, 27, 8, 35, 17, 7, 17, 0, 34, 32, 21, 30, 26, 0, 16, 1, 8, 17, 0, 7, 6, 27, 0, 23, 32, 23, 13, 12, 18, 27]


      ‖ F_wa   R_mob
======================
S_wa  ‖ m      <       
-----------------------
F_wa  ‖        <       

Vertical_support: 0.556
Indices_supporting: [30, 8, 12, 26, 6, 16, 28, 8, 31, 7, 2, 23, 33, 3, 26, 9, 15, 7, 24, 33, 35, 29, 6, 12, 10, 16, 12, 30, 33, 26, 30, 5, 6, 31]


      ‖ F_wa   F_mob
======================
S_wa  ‖ m      <       
-----------------------
F_wa  ‖        <       

Vertical_support: 0.556
Indices_supporting: [17, 17, 7, 7, 0, 6, 3, 9, 5, 31, 33, 7, 33, 24, 26, 16, 32, 28, 12, 31, 16, 4, 0, 13, 23, 35, 33, 30, 7, 30, 5, 16, 0, 17, 23]


      ‖ R_wa   F_mob
======================
S_wa  ‖ m      <       
-----------------------
R_wa  ‖        <       

Vertical_support: 0.556
Indices_supporting: [24, 1, 30, 27, 2, 6, 33, 31, 14, 5, 1, 5, 30, 4, 26, 14, 20, 23, 12, 2, 24, 5, 4, 21, 34, 15, 27, 6, 25, 9, 24, 2, 23, 31, 25]


      ‖ S_wa   S_mob
======================
R_wa  ‖ m      <       
-----------------------
S_wa  ‖        <       

Vertical_support: 0.556
Indices_supporting: [33, 26, 12, 4, 30, 27, 7, 14, 7, 22, 2, 2, 8, 3, 34, 7, 5, 22, 27, 27, 23, 20, 12, 20, 0, 35, 6, 21]


      ‖ R_wa   F_mob
======================
R_wa  ‖ <      <       
-----------------------
R_wa  ‖        <       

Vertical_support: 0.556
Indices_supporting: [27, 1, 1, 27, 2, 6, 33, 5, 14, 14, 1, 5, 4, 16, 2, 35, 5, 14, 14, 31, 34, 23, 27, 23, 24, 9, 35, 2, 12, 35, 9, 24, 27, 27, 23, 32, 25, 21, 18, 31, 27, 24, 34]


       ‖ F_mob   F_mob
========================
F_wa   ‖ <       <       
------------------------
F_mob  ‖         <       

Vertical_support: 0.556
Indices_supporting: [1, 2, 34, 1, 24, 33, 17, 27, 7, 4, 16, 32, 35, 31, 5, 1, 23, 23, 32, 13, 3, 35, 27, 1, 33, 16, 30, 5, 1, 0, 12, 16, 32, 12, 24]


       ‖ F_mob   R_wa
=======================
F_wa   ‖ <       <      
-----------------------
F_mob  ‖         <      

Vertical_support: 0.556
Indices_supporting: [1, 7, 27, 3, 0, 6, 26, 12, 1, 1, 17, 35, 16, 16, 12, 5, 18, 14, 1, 12, 7, 31, 2, 27, 18, 34, 24, 21, 9]


      ‖ S_wa   R_wa
=====================
F_wa  ‖ <      <      
---------------------
S_wa  ‖        m      

Vertical_support: 0.556
Indices_supporting: [24, 7, 27, 14, 6, 27, 14, 20, 35, 16, 22, 5, 22, 33, 31, 4, 23, 27, 7, 1, 2, 25, 24, 21, 9, 34]


       ‖ R_mob   S_mob
========================
F_wa   ‖ <       <       
------------------------
R_mob  ‖         m       

Vertical_support: 0.556
Indices_supporting: [8, 33, 33, 30, 13, 28, 9, 6, 3, 29, 13, 1, 5, 22, 18, 14, 26, 20, 7, 10, 9, 31, 28, 8, 15]


       ‖ S_mob   F_wa
=======================
F_mob  ‖ m       <      
-----------------------
S_mob  ‖         <      

Vertical_support: 0.556
Indices_supporting: [27, 35, 13, 3, 0, 6, 18, 22, 27, 22, 27, 23, 35, 24, 17, 16, 6, 0, 32, 34, 21, 16, 32, 17, 0, 6, 27, 23, 32, 16, 23, 6, 12, 3, 13, 13, 15, 2, 22, 11, 18, 8]


       ‖ F_mob   R_wa
=======================
F_mob  ‖ <       <      
-----------------------
F_mob  ‖         <      

Vertical_support: 0.556
Indices_supporting: [1, 23, 27, 22, 23, 12, 14, 1, 17, 22, 3, 16, 13, 16, 9, 12, 24, 34, 18, 14, 1, 32, 27, 34, 34, 9, 33, 2, 0, 24, 5, 2, 21, 33, 27]


       ‖ S_wa   F_wa
======================
F_mob  ‖ <      <      
----------------------
S_wa   ‖        m      

Vertical_support: 0.556
Indices_supporting: [30, 5, 16, 6, 0, 11, 30, 23, 17, 0, 32, 30, 31, 12, 30, 30, 12, 26, 16, 33, 26, 17, 7, 32, 2, 31, 24, 23, 33, 6, 13, 3, 6, 22, 11, 18]


       ‖ F_wa   F_wa
======================
F_mob  ‖ <      <      
----------------------
F_wa   ‖        <      

Vertical_support: 0.556
Indices_supporting: [27, 1, 5, 13, 32, 18, 6, 22, 27, 35, 24, 0, 1, 0, 31, 30, 27, 0, 16, 17, 0, 1, 26, 6, 2, 31, 2, 24, 31, 1, 23, 3, 16, 6, 32, 13, 23, 22, 2, 22, 14]


       ‖ F_wa   S_wa
======================
S_mob  ‖ <      <      
----------------------
F_wa   ‖        m      

Vertical_support: 0.556
Indices_supporting: [31, 27, 13, 33, 10, 23, 30, 15, 31, 35, 0, 16, 22, 25, 16, 6, 32, 3, 15, 5, 17, 6, 28, 35, 4, 13, 25, 28]


       ‖ R_wa
===============
S_mob  ‖ m      

Vertical_support: 0.556
Indices_supporting: [18, 27, 3, 34, 17, 23, 22, 35, 25, 12, 8, 7, 6, 13, 28, 28, 11, 14, 24, 0, 21]


       ‖ F_mob   R_wa
=======================
S_mob  ‖ m       <      
-----------------------
F_mob  ‖         <      

Vertical_support: 0.556
Indices_supporting: [23, 27, 0, 31, 5, 18, 12, 17, 3, 13, 16, 2, 27, 14, 1, 27, 20, 16, 32, 27, 12, 18, 27, 34, 6, 3, 0, 21, 33, 27]


       ‖ R_mob   F_mob
========================
S_mob  ‖ <       <       
------------------------
R_mob  ‖         m       

Vertical_support: 0.556
Indices_supporting: [26, 1, 16, 32, 18, 8, 33, 27, 0, 33, 23, 24, 31, 23, 2, 35, 34, 5, 22, 5, 30, 12, 32, 9]


       ‖ F_mob   R_mob
========================
S_wa   ‖ <       <       
------------------------
F_mob  ‖         m       

Vertical_support: 0.528
Indices_supporting: [30, 1, 27, 1, 16, 9, 31, 7, 2, 3, 26, 2, 15, 5, 24, 24, 33, 2, 24, 12, 16, 18, 12, 33, 34, 5, 30, 34, 30, 30, 26, 5, 35, 11]


       ‖ F_mob   S_mob
========================
S_wa   ‖ <       <       
------------------------
F_mob  ‖         m       

Vertical_support: 0.528
Indices_supporting: [23, 7, 31, 17, 4, 27, 14, 14, 35, 7, 9, 2, 10, 13, 6, 22, 22, 27, 17, 0, 16, 20, 17, 0, 32, 5, 27]


      ‖ R_wa   F_wa
=====================
S_wa  ‖ m      <      
---------------------
R_wa  ‖        <      

Vertical_support: 0.528
Indices_supporting: [4, 24, 6, 22, 28, 29, 27, 1, 35, 7, 13, 5, 31, 27, 1, 14, 6, 20, 25, 22, 2, 5, 11, 30]


       ‖ S_mob   R_wa
=======================
R_wa   ‖ <       <      
-----------------------
S_mob  ‖         <      

Vertical_support: 0.528
Indices_supporting: [21, 7, 9, 22, 12, 35, 5, 12, 14, 17, 27, 13, 16, 7, 8, 2, 27, 22, 23, 1, 25, 22, 24, 33, 2, 8]


       ‖ F_mob   R_wa
=======================
R_wa   ‖ <       <      
-----------------------
F_mob  ‖         <      

Vertical_support: 0.528
Indices_supporting: [23, 27, 0, 16, 5, 23, 12, 14, 17, 22, 35, 27, 16, 13, 2, 16, 12, 24, 2, 1, 14, 1, 20, 31, 3, 2, 14, 21, 33]


      ‖ F_wa   F_wa   R_wa
============================
R_wa  ‖ m      <      <      
----------------------------
F_wa  ‖        <      <      
----------------------------
F_wa  ‖               m      

Vertical_support: 0.528
Indices_supporting: [23, 0, 22, 35, 16, 5, 11, 17, 13, 32, 2, 16, 12, 0, 35, 27, 8, 1, 2, 14, 4, 1, 27, 1, 16, 2, 27, 24, 14, 3, 0, 14]


       ‖ F_wa   S_wa
======================
R_mob  ‖ <      <      
----------------------
F_wa   ‖        m      

Vertical_support: 0.528
Indices_supporting: [5, 31, 15, 26, 10, 24, 23, 30, 23, 32, 25, 16, 31, 18, 22, 11, 11, 30, 6, 28, 35, 13, 8, 16, 22, 5]


       ‖ R_wa   F_mob
=======================
R_mob  ‖ <      <       
-----------------------
R_wa   ‖        <       

Vertical_support: 0.528
Indices_supporting: [27, 1, 27, 6, 31, 34, 23, 5, 1, 26, 6, 2, 24, 5, 14, 14, 23, 24, 9, 13, 12, 16, 5, 23, 16, 15, 21, 18, 25, 24]


       ‖ R_wa   R_mob
=======================
R_mob  ‖ <      <       
-----------------------
R_wa   ‖        <       

Vertical_support: 0.528
Indices_supporting: [14, 12, 7, 23, 6, 3, 25, 9, 28, 24, 14, 35, 32, 24, 5, 16, 15, 22, 7, 1, 1, 26, 12, 16, 14, 34]


       ‖ S_wa   R_mob
=======================
R_mob  ‖ <      <       
-----------------------
S_wa   ‖        <       

Vertical_support: 0.528
Indices_supporting: [30, 26, 9, 31, 24, 23, 32, 25, 22, 15, 24, 24, 16, 7, 26, 23, 29, 6, 22, 1, 5, 6, 28, 8, 34]


       ‖ S_wa   R_wa
======================
R_mob  ‖ <      <      
----------------------
S_wa   ‖        m      

Vertical_support: 0.528
Indices_supporting: [23, 7, 6, 34, 14, 23, 22, 10, 35, 16, 5, 5, 9, 31, 22, 28, 4, 24, 23, 4, 27, 7, 1, 2, 25, 24, 9, 34]


       ‖ R_mob   F_wa
=======================
R_mob  ‖ <       <      
-----------------------
R_mob  ‖         <      

Vertical_support: 0.528
Indices_supporting: [5, 1, 17, 30, 12, 5, 1, 22, 34, 30, 12, 7, 34, 2, 25, 34, 24, 8, 14, 1, 33, 16, 9, 28, 35, 24, 26]


       ‖ S_mob   R_wa
=======================
R_mob  ‖ m       <      
-----------------------
S_mob  ‖         <      

Vertical_support: 0.528
Indices_supporting: [21, 9, 12, 35, 5, 14, 23, 7, 8, 7, 20, 22, 9, 8, 28, 18, 24, 4, 1, 24, 25, 6, 26, 14]


       ‖ S_mob   R_mob
========================
R_mob  ‖ m       <       
------------------------
S_mob  ‖         m       

Vertical_support: 0.528
Indices_supporting: [35, 8, 35, 6, 28, 22, 25, 14, 4, 33, 23, 14, 9, 13, 24, 7, 9, 25, 5, 18, 15, 18, 24, 8, 5, 34, 26, 28, 14, 7]


       ‖ F_mob   F_wa
=======================
F_wa   ‖ <       <      
-----------------------
F_mob  ‖         <      

Vertical_support: 0.528
Indices_supporting: [1, 25, 13, 0, 16, 23, 35, 22, 1, 7, 32, 31, 21, 2, 1, 16, 17, 1, 7, 32, 33, 16, 23, 13, 25, 9, 2, 31, 14, 18, 27]


      ‖ S_wa   F_wa
=====================
F_wa  ‖ <      <      
---------------------
S_wa  ‖        m      

Vertical_support: 0.528
Indices_supporting: [30, 5, 6, 5, 0, 15, 30, 30, 16, 23, 17, 7, 6, 31, 12, 12, 16, 26, 17, 7, 28, 31, 2, 31, 24, 33, 7, 6, 3, 25, 15, 22]


      ‖ F_wa   S_wa
=====================
F_wa  ‖ <      <      
---------------------
F_wa  ‖        m      

Vertical_support: 0.528
Indices_supporting: [5, 31, 15, 27, 26, 16, 6, 15, 2, 12, 24, 15, 30, 23, 35, 16, 35, 0, 16, 25, 6, 31, 22, 30, 5, 13, 17, 6, 28, 13, 28, 25, 31, 30, 16, 22, 5]


       ‖ R_mob   R_mob
========================
F_wa   ‖ <       <       
------------------------
R_mob  ‖         <       

Vertical_support: 0.528
Indices_supporting: [1, 16, 6, 22, 28, 2, 1, 6, 26, 25, 13, 15, 24, 23, 9, 34, 5, 12, 16, 8, 1, 26, 35, 35, 31]


       ‖ S_mob   S_mob
========================
F_mob  ‖ m       <       
------------------------
S_mob  ‖         <       

Vertical_support: 0.528
Indices_supporting: [13, 28, 23, 17, 11, 4, 27, 22, 2, 8, 27, 35, 3, 7, 26, 18, 22, 3, 27, 17, 23, 0, 20, 13, 17, 0, 6, 24, 27]


       ‖ R_wa   F_wa   R_wa
=============================
F_mob  ‖ <      <      <      
-----------------------------
R_wa   ‖        m      <      
-----------------------------
F_wa   ‖               m      

Vertical_support: 0.528
Indices_supporting: [21, 1, 23, 2, 3, 13, 32, 9, 16, 12, 25, 1, 27, 34, 24, 1, 27, 0, 27, 14, 22, 26, 5, 2]


       ‖ F_mob   F_mob
========================
F_mob  ‖ <       <       
------------------------
F_mob  ‖         <       

Vertical_support: 0.528
Indices_supporting: [27, 2, 6, 34, 1, 24, 17, 27, 4, 33, 16, 32, 35, 5, 1, 23, 27, 23, 22, 12, 35, 24, 27, 1, 33, 14, 16, 1, 0, 9, 16, 32, 12, 24, 24]


       ‖ F_wa   F_mob
=======================
F_mob  ‖ <      <       
-----------------------
F_wa   ‖        <       

Vertical_support: 0.528
Indices_supporting: [27, 7, 0, 3, 31, 17, 1, 34, 1, 16, 27, 23, 23, 22, 35, 5, 2, 9, 8, 16, 7, 27, 1, 32, 32, 25, 24]


       ‖ R_mob   F_mob   R_mob
================================
F_mob  ‖ m       <       <       
--------------------------------
R_mob  ‖         m       <       
--------------------------------
F_mob  ‖                 m       

Vertical_support: 0.528
Indices_supporting: [1, 27, 1, 32, 26, 16, 9, 24, 31, 18, 2, 34, 2, 24, 1, 14, 23, 32, 25, 12, 2, 5, 24, 14, 1, 23, 23, 35, 18, 16, 14, 5, 34, 1, 1, 1, 30, 1, 35, 12, 35, 9, 24, 31, 2, 33]


       ‖ F_mob   R_mob
========================
S_mob  ‖ <       <       
------------------------
F_mob  ‖         m       

Vertical_support: 0.528
Indices_supporting: [27, 17, 2, 22, 7, 6, 26, 15, 31, 23, 23, 33, 34, 24, 12, 30, 35, 5, 6, 8, 3]


       ‖ F_mob   F_mob
========================
S_mob  ‖ m       <       
------------------------
F_mob  ‖         <       

Vertical_support: 0.528
Indices_supporting: [17, 26, 27, 1, 16, 2, 32, 6, 18, 17, 27, 0, 4, 33, 23, 35, 27, 23, 2, 35, 22, 5, 27, 30, 0, 32, 3, 9]


       ‖ F_mob   S_mob
========================
S_mob  ‖ m       <       
------------------------
F_mob  ‖         m       

Vertical_support: 0.528
Indices_supporting: [20, 26, 31, 17, 4, 27, 2, 8, 10, 35, 3, 27, 21, 3, 22, 27, 17, 0, 20, 17, 17, 29, 0, 13, 28, 6, 24, 27]


      ‖ F_wa   R_wa   F_wa
============================
S_wa  ‖ m      <      <      
----------------------------
F_wa  ‖        m      <      
----------------------------
R_wa  ‖               m      

Vertical_support: 0.5
Indices_supporting: [12, 35, 16, 13, 32, 18, 22, 15, 17, 15, 2, 15, 23, 8, 8, 7, 0, 6, 12, 9, 16, 35, 9, 24, 26]


      ‖ R_wa   R_wa
=====================
S_wa  ‖ m      <      
---------------------
R_wa  ‖        <      

Vertical_support: 0.5
Indices_supporting: [21, 7, 15, 25, 18, 24, 2, 22, 27, 9, 25, 25, 14, 34, 24, 22, 27, 1, 30, 1, 27, 9, 22, 5, 31, 27, 34, 2, 6, 24, 32, 22, 14, 5, 5, 2, 27, 14]


       ‖ R_mob   F_wa
=======================
S_wa   ‖ <       <      
-----------------------
R_mob  ‖         <      

Vertical_support: 0.5
Indices_supporting: [12, 24, 16, 22, 30, 24, 30, 29, 8, 21, 1, 35, 33, 1, 23, 9, 6, 28, 22, 5, 11, 26]


      ‖ S_wa   F_wa
=====================
R_wa  ‖ m      <      
---------------------
S_wa  ‖        <      

Vertical_support: 0.5
Indices_supporting: [24, 22, 27, 27, 24, 11, 0, 35, 34, 21, 1, 30, 18, 6, 9, 5, 14, 14, 27, 23, 25, 22, 2, 30]


      ‖ S_wa   R_mob
======================
R_wa  ‖ m      <       
-----------------------
S_wa  ‖        <       

Vertical_support: 0.5
Indices_supporting: [30, 35, 17, 9, 31, 5, 23, 23, 25, 24, 5, 7, 7, 24, 23, 26, 23, 29, 22, 12, 33, 30, 34, 5, 1, 22, 11, 34]


      ‖ F_wa   S_wa
=====================
R_wa  ‖ <      <      
---------------------
F_wa  ‖        m      

Vertical_support: 0.5
Indices_supporting: [31, 27, 16, 33, 12, 24, 15, 23, 35, 35, 0, 25, 31, 22, 11, 5, 6, 28, 13, 31, 30, 30]


       ‖ F_mob   F_mob
========================
R_wa   ‖ <       <       
------------------------
F_mob  ‖         <       

Vertical_support: 0.5
Indices_supporting: [26, 1, 27, 2, 5, 6, 3, 25, 27, 27, 24, 33, 16, 35, 35, 31, 5, 14, 14, 23, 24, 23, 23, 16, 2, 35, 34, 12, 24, 5, 27, 24, 14, 35, 16, 32, 27, 24]


      ‖ F_wa   S_wa   F_wa
============================
R_wa  ‖ m      <      <      
----------------------------
F_wa  ‖        m      <      
----------------------------
S_wa  ‖               m      

Vertical_support: 0.5
Indices_supporting: [4, 5, 5, 15, 11, 15, 16, 8, 28, 16, 17, 3, 35, 13, 32, 2, 31, 24, 31, 6, 35, 6, 25, 22]


      ‖ F_mob
===============
R_wa  ‖ m       

Vertical_support: 0.5
Indices_supporting: [17, 17, 14, 22, 25, 2, 27, 1, 27, 24, 26, 16, 32, 3, 25, 9, 10, 1, 29, 23, 5, 27, 8]


       ‖ R_wa   R_wa
======================
R_mob  ‖ <      <      
----------------------
R_wa   ‖        <      

Vertical_support: 0.5
Indices_supporting: [23, 7, 32, 13, 22, 16, 2, 25, 5, 14, 1, 27, 27, 4, 1, 23, 0, 32, 6, 14, 22, 25, 9, 34, 27, 24]


       ‖ R_mob   S_mob
========================
R_mob  ‖ <       <       
------------------------
R_mob  ‖         m       

Vertical_support: 0.5
Indices_supporting: [8, 33, 30, 3, 28, 9, 24, 13, 1, 5, 5, 22, 25, 14, 26, 23, 9, 35, 31, 34]


       ‖ S_mob   F_wa
=======================
F_wa   ‖ <       <      
-----------------------
S_mob  ‖         <      

Vertical_support: 0.5
Indices_supporting: [5, 13, 9, 22, 22, 30, 26, 23, 35, 18, 27, 16, 17, 0, 6, 23, 3, 16, 23, 13, 28, 15, 8]


      ‖ S_wa   F_wa
=====================
F_wa  ‖ m      <      
---------------------
S_wa  ‖        <      

Vertical_support: 0.5
Indices_supporting: [13, 22, 30, 6, 35, 6, 31, 15, 4, 8, 0, 26, 28, 32, 6, 27, 31, 26, 3, 16, 6, 12, 28, 15, 24, 26]


       ‖ R_mob   R_wa
=======================
F_wa   ‖ <       <      
-----------------------
R_mob  ‖         <      

Vertical_support: 0.5
Indices_supporting: [34, 1, 23, 32, 16, 12, 14, 1, 16, 5, 22, 1, 12, 16, 6, 22, 31, 9, 2, 27, 34, 1, 14, 27, 3, 6, 26, 25, 24, 1]


       ‖ R_mob   R_wa
=======================
S_mob  ‖ m       <      
-----------------------
R_mob  ‖         <      

Vertical_support: 0.5
Indices_supporting: [23, 18, 34, 9, 13, 12, 5, 14, 26, 8, 14, 5, 7, 22, 22, 28, 23, 15, 24, 3, 22, 24, 6, 26, 14, 0, 15, 14]
